none
1
   1.937748E+01   4.200058E+01
   1.936718E+01   4.201078E+01
   1.936718E+01   4.203654E+01
   1.937559E+01   4.207198E+01
   1.939619E+01   4.210281E+01
   1.939053E+01   4.210816E+01
   1.927689E+01   4.218096E+01
   1.934538E+01   4.224034E+01
   1.935757E+01   4.225889E+01
   1.937799E+01   4.227921E+01
   1.938177E+01   4.229636E+01
   1.941662E+01   4.232556E+01
   1.941284E+01   4.233469E+01
   1.941130E+01   4.235106E+01
   1.942245E+01   4.237161E+01
   1.943619E+01   4.238594E+01
   1.946571E+01   4.239152E+01
   1.947619E+01   4.240533E+01
   1.949490E+01   4.243359E+01
   1.951275E+01   4.244322E+01
   1.951893E+01   4.245209E+01
   1.953970E+01   4.247780E+01
   1.954451E+01   4.248767E+01
   1.955789E+01   4.249729E+01
   1.955841E+01   4.251324E+01
   1.960201E+01   4.253322E+01
   1.960527E+01   4.257672E+01
   1.966484E+01   4.263282E+01
   1.967806E+01   4.263042E+01
   1.968578E+01   4.263914E+01
   1.969454E+01   4.264292E+01
   1.969591E+01   4.265164E+01
   1.970467E+01   4.265694E+01
   1.972715E+01   4.266313E+01
   1.973694E+01   4.265580E+01
   1.974260E+01   4.264419E+01
   1.975513E+01   4.264128E+01
   1.975943E+01   4.263320E+01
   1.975136E+01   4.262689E+01
   1.975651E+01   4.261527E+01
   1.977299E+01   4.259732E+01
   1.977814E+01   4.259012E+01
   1.977676E+01   4.257887E+01
   1.975479E+01   4.257672E+01
   1.975531E+01   4.256446E+01
   1.974827E+01   4.254410E+01
   1.977247E+01   4.250362E+01
   1.978603E+01   4.249488E+01
   1.979324E+01   4.248501E+01
   1.982929E+01   4.246931E+01
   1.983461E+01   4.248007E+01
   1.985487E+01   4.248552E+01
   1.987118E+01   4.249045E+01
   1.987564E+01   4.249716E+01
   1.988869E+01   4.249577E+01
   1.989624E+01   4.248868E+01
   1.990053E+01   4.249476E+01
   1.990345E+01   4.250779E+01
   1.994207E+01   4.252007E+01
   1.996611E+01   4.251197E+01
   1.998156E+01   4.251387E+01
   2.000061E+01   4.251197E+01
   2.001383E+01   4.254549E+01
   2.005726E+01   4.256244E+01
   2.008747E+01   4.255611E+01
   2.010395E+01   4.253689E+01
   2.016884E+01   4.250830E+01
   2.017433E+01   4.249463E+01
   2.018532E+01   4.248729E+01
   2.018909E+01   4.247615E+01
   2.019939E+01   4.246779E+01
   2.019939E+01   4.245361E+01
   2.022549E+01   4.243182E+01
   2.022926E+01   4.242523E+01
   2.022995E+01   4.240926E+01
   2.021587E+01   4.240090E+01
   2.025117E+01   4.237669E+01
   2.024931E+01   4.235270E+01
   2.025192E+01   4.232809E+01
   2.027087E+01   4.232367E+01
   2.028900E+01   4.232657E+01
   2.029758E+01   4.232302E+01
   2.030411E+01   4.231972E+01
   2.030960E+01   4.232048E+01
   2.032299E+01   4.232911E+01
   2.034119E+01   4.233038E+01
   2.035080E+01   4.232530E+01
   2.035938E+01   4.231286E+01
   2.039886E+01   4.229864E+01
   2.041652E+01   4.228869E+01
   2.045343E+01   4.227870E+01
   2.052748E+01   4.221943E+01
   2.054505E+01   4.217357E+01
   2.057039E+01   4.213665E+01
   2.056915E+01   4.206739E+01
   2.059696E+01   4.204496E+01
   2.060325E+01   4.203630E+01
   2.063682E+01   4.197525E+01
   2.063312E+01   4.195271E+01
   2.061936E+01   4.193723E+01
   2.059358E+01   4.192332E+01
   2.058426E+01   4.191326E+01
   2.059627E+01   4.189052E+01
   2.059799E+01   4.187391E+01
   2.057808E+01   4.187109E+01
   2.056263E+01   4.186317E+01
   2.056709E+01   4.182557E+01
   2.057362E+01   4.180459E+01
   2.057825E+01   4.178552E+01
   2.055576E+01   4.178309E+01
   2.053258E+01   4.175904E+01
   2.051834E+01   4.172316E+01
   2.053516E+01   4.170188E+01
   2.052486E+01   4.166060E+01
   2.053173E+01   4.165111E+01
   2.052967E+01   4.163777E+01
   2.055439E+01   4.161159E+01
   2.056194E+01   4.157873E+01
   2.054495E+01   4.157642E+01
   2.052040E+01   4.156088E+01
   2.048538E+01   4.155677E+01
   2.045877E+01   4.155368E+01
   2.047405E+01   4.153878E+01
   2.047302E+01   4.152747E+01
   2.045671E+01   4.152336E+01
   2.045740E+01   4.151359E+01
   2.047955E+01   4.150832E+01
   2.048143E+01   4.149906E+01
   2.049190E+01   4.149482E+01
   2.049929E+01   4.148904E+01
   2.050375E+01   4.147862E+01
   2.050821E+01   4.146884E+01
   2.051439E+01   4.144183E+01
   2.054134E+01   4.143796E+01
   2.056005E+01   4.141621E+01
   2.056612E+01   4.141059E+01
   2.055319E+01   4.139111E+01
   2.055439E+01   4.137668E+01
   2.054512E+01   4.136856E+01
   2.053911E+01   4.135813E+01
   2.053438E+01   4.134889E+01
   2.052933E+01   4.134615E+01
   2.051834E+01   4.133429E+01
   2.050976E+01   4.133944E+01
   2.050049E+01   4.134589E+01
   2.049963E+01   4.133790E+01
   2.050444E+01   4.132488E+01
   2.051748E+01   4.128335E+01
   2.051508E+01   4.127071E+01
   2.052401E+01   4.124684E+01
   2.052177E+01   4.124155E+01
   2.051800E+01   4.123238E+01
   2.054186E+01   4.119984E+01
   2.055988E+01   4.119416E+01
   2.056452E+01   4.117956E+01
   2.058426E+01   4.115669E+01
   2.060074E+01   4.112721E+01
   2.058924E+01   4.111700E+01
   2.058975E+01   4.110665E+01
   2.059988E+01   4.109216E+01
   2.067713E+01   4.108155E+01
   2.073309E+01   4.091455E+01
   2.076176E+01   4.090417E+01
   2.077395E+01   4.090612E+01
   2.081669E+01   4.090326E+01
   2.084467E+01   4.094088E+01
   2.088141E+01   4.092986E+01
   2.091677E+01   4.092596E+01
   2.093719E+01   4.092635E+01
   2.095264E+01   4.092272E+01
   2.098423E+01   4.090067E+01
   2.098869E+01   4.079380E+01
   2.098526E+01   4.078496E+01
   2.097736E+01   4.077924E+01
   2.096741E+01   4.077352E+01
   2.098045E+01   4.076624E+01
   2.098972E+01   4.076104E+01
   2.098938E+01   4.073659E+01
   2.100826E+01   4.072853E+01
   2.102543E+01   4.071474E+01
   2.106285E+01   4.066892E+01
   2.106045E+01   4.063558E+01
   2.106148E+01   4.061057E+01
   2.105359E+01   4.059756E+01
   2.104465E+01   4.055111E+01
   2.101788E+01   4.055190E+01
   2.100140E+01   4.053233E+01
   2.097153E+01   4.051015E+01
   2.097427E+01   4.049605E+01
   2.096981E+01   4.047881E+01
   2.095058E+01   4.046288E+01
   2.092827E+01   4.045896E+01
   2.090630E+01   4.046941E+01
   2.087265E+01   4.046732E+01
   2.085355E+01   4.047712E+01
   2.084300E+01   4.047604E+01
   2.083900E+01   4.046837E+01
   2.082493E+01   4.043623E+01
   2.079094E+01   4.042696E+01
   2.079523E+01   4.041206E+01
   2.079128E+01   4.039690E+01
   2.079420E+01   4.038330E+01
   2.079498E+01   4.036596E+01
   2.078115E+01   4.034694E+01
   2.076347E+01   4.033660E+01
   2.076622E+01   4.032077E+01
   2.071472E+01   4.027979E+01
   2.071043E+01   4.026957E+01
   2.071661E+01   4.025857E+01
   2.072519E+01   4.025372E+01
   2.072365E+01   4.023839E+01
   2.072777E+01   4.022293E+01
   2.071810E+01   4.020599E+01
   2.070751E+01   4.019671E+01
   2.068365E+01   4.018832E+01
   2.068005E+01   4.016851E+01
   2.069326E+01   4.015749E+01
   2.069721E+01   4.015277E+01
   2.068726E+01   4.013978E+01
   2.068314E+01   4.011208E+01
   2.067953E+01   4.009291E+01
   2.065962E+01   4.009016E+01
   2.062288E+01   4.008832E+01
   2.062117E+01   4.008188E+01
   2.060314E+01   4.007190E+01
   2.057413E+01   4.006507E+01
   2.056074E+01   4.006362E+01
   2.054701E+01   4.006270E+01
   2.051302E+01   4.007768E+01
   2.049156E+01   4.006112E+01
   2.047628E+01   4.006323E+01
   2.045980E+01   4.007308E+01
   2.043354E+01   4.006599E+01
   2.041912E+01   4.005613E+01
   2.041723E+01   4.003287E+01
   2.040075E+01   4.001434E+01
   2.039732E+01   3.999540E+01
   2.037741E+01   3.998751E+01
   2.032934E+01   3.999133E+01
   2.031458E+01   3.998988E+01
   2.031870E+01   3.998238E+01
   2.032728E+01   3.997304E+01
   2.034891E+01   3.994791E+01
   2.034067E+01   3.992435E+01
   2.036505E+01   3.991072E+01
   2.038582E+01   3.988880E+01
   2.038985E+01   3.986989E+01
   2.040650E+01   3.985289E+01
   2.041989E+01   3.983965E+01
   2.041414E+01   3.981157E+01
   2.040255E+01   3.979911E+01
   2.039131E+01   3.978704E+01
   2.038230E+01   3.978308E+01
   2.036333E+01   3.978869E+01
   2.034608E+01   3.980280E+01
   2.031612E+01   3.980840E+01
   2.030514E+01   3.981447E+01
   2.030145E+01   3.980953E+01
   2.029278E+01   3.980359E+01
   2.029853E+01   3.979522E+01
   2.030531E+01   3.978842E+01
   2.030934E+01   3.977879E+01
   2.029707E+01   3.976672E+01
   2.029664E+01   3.975775E+01
   2.030625E+01   3.975141E+01
   2.032496E+01   3.973491E+01
   2.032205E+01   3.972745E+01
   2.030179E+01   3.971346E+01
   2.028565E+01   3.971115E+01
   2.027922E+01   3.970052E+01
   2.026531E+01   3.969002E+01
   2.026514E+01   3.967614E+01
   2.026583E+01   3.967007E+01
   2.025742E+01   3.967284E+01
   2.023347E+01   3.968374E+01
   2.023055E+01   3.967278E+01
   2.021999E+01   3.966452E+01
   2.023012E+01   3.965249E+01
   2.022789E+01   3.964562E+01
   2.019150E+01   3.964364E+01
   2.011803E+01   3.965566E+01
   2.009090E+01   3.967046E+01
   2.008678E+01   3.967839E+01
   2.007442E+01   3.967839E+01
   2.005657E+01   3.968843E+01
   2.001537E+01   3.969187E+01
   1.999306E+01   3.962738E+01
   1.991718E+01   3.968447E+01
   1.994911E+01   3.973756E+01
   1.997143E+01   3.978664E+01
   1.995358E+01   3.982093E+01
   1.983650E+01   3.988103E+01
   1.973694E+01   3.990974E+01
   1.921509E+01   4.002761E+01
   1.890060E+01   4.045949E+01
   1.889648E+01   4.065772E+01
   1.905166E+01   4.134589E+01
   1.911484E+01   4.165445E+01
   1.936615E+01   4.185013E+01
   1.937233E+01   4.187570E+01
   1.936632E+01   4.188963E+01
   1.933868E+01   4.190637E+01
   1.934297E+01   4.191339E+01
   1.935864E+01   4.191722E+01
   1.936688E+01   4.192064E+01
   1.936945E+01   4.192332E+01
   1.936774E+01   4.192731E+01
   1.936091E+01   4.193035E+01
   1.934847E+01   4.193970E+01
   1.935431E+01   4.196051E+01
   1.937079E+01   4.196306E+01
   1.938589E+01   4.196702E+01
   1.937199E+01   4.197557E+01
   1.937834E+01   4.199088E+01
   1.937748E+01   4.200058E+01
END
END
