none
1
   1.527237E+01   4.622925E+01
   1.417168E+01   4.608419E+01
   1.376037E+01   4.581157E+01
   1.364227E+01   4.571865E+01
   1.340744E+01   4.579434E+01
   1.342117E+01   4.598074E+01
   1.339645E+01   4.607085E+01
   1.327698E+01   4.614321E+01
   1.298790E+01   4.612894E+01
   1.263840E+01   4.606180E+01
   1.255875E+01   4.600078E+01
   1.250931E+01   4.595974E+01
   1.241867E+01   4.585176E+01
   1.222641E+01   4.577231E+01
   1.206436E+01   4.573686E+01
   1.169357E+01   4.569755E+01
   1.160980E+01   4.568124E+01
   1.158302E+01   4.555806E+01
   1.137703E+01   4.539411E+01
   1.107628E+01   4.536686E+01
   1.096092E+01   4.538784E+01
   1.067322E+01   4.541195E+01
   1.035805E+01   4.544279E+01
   1.016682E+01   4.547337E+01
   1.006691E+01   4.549817E+01
   9.923400E+00   4.561164E+01
   9.816970E+00   4.563229E+01
   9.740752E+00   4.565101E+01
   9.648742E+00   4.566205E+01
   9.536132E+00   4.567692E+01
   9.388246E+00   4.569101E+01
   9.157448E+00   4.574333E+01
   9.060973E+00   4.578764E+01
   8.900298E+00   4.578093E+01
   8.657225E+00   4.562268E+01
   8.432005E+00   4.553040E+01
   8.127136E+00   4.538965E+01
   7.819518E+00   4.525942E+01
   7.715148E+00   4.498423E+01
   7.608031E+00   4.465596E+01
   7.570952E+00   4.452099E+01
   7.656096E+00   4.444163E+01
   7.833251E+00   4.441907E+01
   7.967491E+00   4.440301E+01
   8.013153E+00   4.440043E+01
   8.068084E+00   4.440386E+01
   8.182067E+00   4.440926E+01
   8.332786E+00   4.437369E+01
   8.515777E+00   4.433465E+01
   8.780820E+00   4.417236E+01
   8.456723E+00   4.366390E+01
   7.723386E+00   4.343298E+01
   6.660459E+00   4.270464E+01
   5.960080E+00   4.269859E+01
   4.842221E+00   4.300264E+01
   4.982298E+00   4.399973E+01
   4.924620E+00   4.429044E+01
   4.876555E+00   4.472527E+01
   4.993285E+00   4.495605E+01
   5.484923E+00   4.536180E+01
   5.721127E+00   4.566013E+01
   5.824127E+00   4.638839E+01
   6.343230E+00   4.642555E+01
   6.726378E+00   4.652958E+01
   7.141112E+00   4.678784E+01
   7.478941E+00   4.684704E+01
   7.706908E+00   4.714957E+01
   8.705291E+00   4.729786E+01
   8.808287E+00   4.735464E+01
   8.883818E+00   4.752184E+01
   9.827269E+00   4.770422E+01
   1.084282E+01   4.797154E+01
   1.248630E+01   4.795728E+01
   1.333603E+01   4.810468E+01
   1.398697E+01   4.804596E+01
   1.462417E+01   4.815051E+01
   1.473953E+01   4.816975E+01
   1.518310E+01   4.831151E+01
   1.559235E+01   4.840094E+01
   1.606132E+01   4.839319E+01
   1.627968E+01   4.838316E+01
   1.652206E+01   4.829827E+01
   1.655777E+01   4.825668E+01
   1.660721E+01   4.769867E+01
   1.664429E+01   4.763810E+01
   1.676239E+01   4.750050E+01
   1.652756E+01   4.733138E+01
   1.564419E+01   4.642011E+01
   1.560230E+01   4.638270E+01
   1.543922E+01   4.626060E+01
   1.536335E+01   4.624374E+01
   1.527237E+01   4.622925E+01
END
END
