none
1
   6.244869E+00   5.059016E+01
   6.236737E+00   5.056567E+01
   6.225772E+00   5.055462E+01
   6.198564E+00   5.053644E+01
   6.224098E+00   5.050142E+01
   6.288643E+00   5.050851E+01
   6.352672E+00   5.048930E+01
   6.342716E+00   5.046308E+01
   6.374988E+00   5.045543E+01
   6.379623E+00   5.043991E+01
   6.374255E+00   5.040746E+01
   6.348200E+00   5.038086E+01
   6.363745E+00   5.037076E+01
   6.371298E+00   5.036003E+01
   6.382885E+00   5.035576E+01
   6.400738E+00   5.034606E+01
   6.410265E+00   5.033593E+01
   6.407385E+00   5.032272E+01
   6.385116E+00   5.031949E+01
   6.363487E+00   5.030332E+01
   6.330325E+00   5.031816E+01
   6.312675E+00   5.031872E+01
   6.294222E+00   5.027744E+01
   6.280231E+00   5.026575E+01
   6.235550E+00   5.026010E+01
   6.209593E+00   5.024956E+01
   6.201696E+00   5.023853E+01
   6.193628E+00   5.023535E+01
   6.186333E+00   5.023634E+01
   6.175690E+00   5.022041E+01
   6.190538E+00   5.020531E+01
   6.194229E+00   5.018146E+01
   6.185388E+00   5.017706E+01
   6.160583E+00   5.017102E+01
   6.144104E+00   5.016832E+01
   6.148996E+00   5.016156E+01
   6.145563E+00   5.015639E+01
   6.154661E+00   5.015034E+01
   6.156721E+00   5.013995E+01
   6.138353E+00   5.012867E+01
   6.130457E+00   5.012872E+01
   6.110102E+00   5.013590E+01
   6.113119E+00   5.015573E+01
   6.117926E+00   5.016293E+01
   6.085719E+00   5.017104E+01
   6.081791E+00   5.017041E+01
   6.082306E+00   5.016211E+01
   6.079988E+00   5.015595E+01
   6.063766E+00   5.015199E+01
   6.044025E+00   5.015634E+01
   6.027031E+00   5.016425E+01
   6.023941E+00   5.018124E+01
   6.002998E+00   5.017497E+01
   5.966520E+00   5.017173E+01
   5.968838E+00   5.015469E+01
   5.962231E+00   5.013077E+01
   5.898800E+00   5.011199E+01
   5.896912E+00   5.010164E+01
   5.887206E+00   5.007697E+01
   5.861339E+00   5.006743E+01
   5.872879E+00   5.004562E+01
   5.862064E+00   5.002875E+01
   5.856886E+00   5.002329E+01
   5.823526E+00   5.001066E+01
   5.825243E+00   4.999985E+01
   5.841542E+00   4.998969E+01
   5.839001E+00   4.997858E+01
   5.807457E+00   4.996171E+01
   5.788675E+00   4.995976E+01
   5.764791E+00   4.991506E+01
   5.738983E+00   4.989767E+01
   5.776663E+00   4.988656E+01
   5.784988E+00   4.987937E+01
   5.785932E+00   4.987168E+01
   5.775633E+00   4.986615E+01
   5.764046E+00   4.986648E+01
   5.760269E+00   4.984651E+01
   5.744219E+00   4.983472E+01
   5.751512E+00   4.981985E+01
   5.754734E+00   4.979514E+01
   5.790900E+00   4.979765E+01
   5.811767E+00   4.976730E+01
   5.835444E+00   4.974713E+01
   5.827023E+00   4.972616E+01
   5.869960E+00   4.972777E+01
   5.888166E+00   4.970952E+01
   5.863722E+00   4.968213E+01
   5.902748E+00   4.966854E+01
   5.909314E+00   4.966593E+01
   5.911589E+00   4.966268E+01
   5.904336E+00   4.965129E+01
   5.908763E+00   4.963876E+01
   5.898757E+00   4.963331E+01
   5.891168E+00   4.963469E+01
   5.877771E+00   4.960771E+01
   5.849790E+00   4.959575E+01
   5.871420E+00   4.959057E+01
   5.874939E+00   4.958390E+01
   5.873737E+00   4.957382E+01
   5.842757E+00   4.955300E+01
   5.818583E+00   4.954610E+01
   5.795039E+00   4.955029E+01
   5.760972E+00   4.956079E+01
   5.758552E+00   4.953847E+01
   5.705080E+00   4.953813E+01
   5.681133E+00   4.954498E+01
   5.660276E+00   4.955139E+01
   5.641479E+00   4.954548E+01
   5.624142E+00   4.951863E+01
   5.608864E+00   4.950281E+01
   5.592384E+00   4.951763E+01
   5.557880E+00   4.952565E+01
   5.543289E+00   4.951351E+01
   5.467071E+00   4.949489E+01
   5.445442E+00   4.951730E+01
   5.462133E+00   4.953677E+01
   5.440292E+00   4.955038E+01
   5.413856E+00   4.960281E+01
   5.354461E+00   4.962584E+01
   5.340900E+00   4.961494E+01
   5.305538E+00   4.960882E+01
   5.302603E+00   4.963608E+01
   5.325346E+00   4.965750E+01
   5.272236E+00   4.968862E+01
   5.243740E+00   4.968318E+01
   5.163574E+00   4.969206E+01
   5.125359E+00   4.971241E+01
   5.069142E+00   4.975946E+01
   4.954762E+00   4.979197E+01
   4.905886E+00   4.978055E+01
   4.848269E+00   4.978972E+01
   4.865994E+00   4.981918E+01
   4.842659E+00   4.986913E+01
   4.856589E+00   4.986973E+01
   4.879606E+00   4.991078E+01
   4.788267E+00   4.995679E+01
   4.789013E+00   4.998050E+01
   4.818706E+00   5.006667E+01
   4.836919E+00   5.009354E+01
   4.877601E+00   5.013223E+01
   4.877417E+00   5.015095E+01
   4.831689E+00   5.015260E+01
   4.824455E+00   5.015967E+01
   4.765714E+00   5.013436E+01
   4.752170E+00   5.011158E+01
   4.708619E+00   5.009446E+01
   4.695293E+00   4.999521E+01
   4.630736E+00   4.998584E+01
   4.569764E+00   4.996912E+01
   4.541988E+00   4.996690E+01
   4.525468E+00   4.994822E+01
   4.445882E+00   4.993656E+01
   4.428736E+00   4.994156E+01
   4.349205E+00   4.995202E+01
   4.193687E+00   4.995401E+01
   4.137043E+00   4.997691E+01
   4.159958E+00   4.999544E+01
   4.136835E+00   5.000786E+01
   4.132723E+00   5.001973E+01
   4.161737E+00   5.005032E+01
   4.174584E+00   5.004772E+01
   4.228574E+00   5.006873E+01
   4.195285E+00   5.010571E+01
   4.197636E+00   5.013411E+01
   4.154480E+00   5.012716E+01
   4.136559E+00   5.012909E+01
   4.125684E+00   5.013511E+01
   4.156608E+00   5.019514E+01
   4.148197E+00   5.021349E+01
   4.158668E+00   5.021596E+01
   4.216690E+00   5.025906E+01
   4.208708E+00   5.027047E+01
   4.176521E+00   5.027464E+01
   4.165672E+00   5.028779E+01
   4.154892E+00   5.027908E+01
   4.169374E+00   5.026848E+01
   4.168511E+00   5.025626E+01
   4.135151E+00   5.025632E+01
   4.132282E+00   5.026754E+01
   4.120989E+00   5.027393E+01
   4.122190E+00   5.029707E+01
   4.109573E+00   5.030135E+01
   4.098673E+00   5.031226E+01
   4.079189E+00   5.030842E+01
   4.066572E+00   5.032568E+01
   4.035673E+00   5.034311E+01
   4.027375E+00   5.035491E+01
   3.986113E+00   5.034137E+01
   3.964822E+00   5.034012E+01
   3.963550E+00   5.034742E+01
   3.902234E+00   5.032570E+01
   3.873453E+00   5.032749E+01
   3.844271E+00   5.035291E+01
   3.812084E+00   5.034212E+01
   3.807707E+00   5.035061E+01
   3.740244E+00   5.034623E+01
   3.731754E+00   5.030705E+01
   3.709860E+00   5.030239E+01
   3.683081E+00   5.031982E+01
   3.664284E+00   5.034743E+01
   3.655872E+00   5.037117E+01
   3.668446E+00   5.038592E+01
   3.673124E+00   5.040264E+01
   3.667765E+00   5.042262E+01
   3.667432E+00   5.043635E+01
   3.657537E+00   5.044591E+01
   3.610639E+00   5.049356E+01
   3.581618E+00   5.048917E+01
   3.569956E+00   5.049836E+01
   3.498802E+00   5.048607E+01
   3.495197E+00   5.049940E+01
   3.517084E+00   5.052047E+01
   3.474199E+00   5.053204E+01
   3.447394E+00   5.050415E+01
   3.438721E+00   5.050682E+01
   3.374048E+00   5.048993E+01
   3.359499E+00   5.050387E+01
   3.328342E+00   5.050731E+01
   3.305190E+00   5.051928E+01
   3.287337E+00   5.052575E+01
   3.275486E+00   5.053872E+01
   3.275213E+00   5.059196E+01
   3.243284E+00   5.064037E+01
   3.239551E+00   5.065866E+01
   3.240188E+00   5.067023E+01
   3.260965E+00   5.067707E+01
   3.251996E+00   5.069059E+01
   3.259249E+00   5.069320E+01
   3.245180E+00   5.071225E+01
   3.238006E+00   5.071097E+01
   3.220282E+00   5.070961E+01
   3.205647E+00   5.071111E+01
   3.189527E+00   5.072603E+01
   3.199253E+00   5.073521E+01
   3.187183E+00   5.074030E+01
   3.182688E+00   5.075033E+01
   3.170886E+00   5.075869E+01
   3.145094E+00   5.078931E+01
   3.127842E+00   5.078611E+01
   3.124859E+00   5.078642E+01
   3.112263E+00   5.079411E+01
   3.106727E+00   5.078209E+01
   3.089476E+00   5.077292E+01
   3.081279E+00   5.077213E+01
   3.058834E+00   5.078027E+01
   3.039951E+00   5.077446E+01
   3.036910E+00   5.077003E+01
   3.028235E+00   5.076857E+01
   3.019455E+00   5.077263E+01
   2.995358E+00   5.076043E+01
   2.974576E+00   5.075040E+01
   2.939619E+00   5.074441E+01
   2.946021E+00   5.073167E+01
   2.933221E+00   5.072765E+01
   2.930131E+00   5.070915E+01
   2.923179E+00   5.070246E+01
   2.911677E+00   5.070350E+01
   2.911162E+00   5.069404E+01
   2.907423E+00   5.069209E+01
   2.899446E+00   5.069265E+01
   2.885456E+00   5.070600E+01
   2.879491E+00   5.070244E+01
   2.868545E+00   5.070242E+01
   2.846455E+00   5.072043E+01
   2.817049E+00   5.071450E+01
   2.790012E+00   5.072461E+01
   2.765894E+00   5.075378E+01
   2.755766E+00   5.076220E+01
   2.761173E+00   5.077099E+01
   2.737913E+00   5.077989E+01
   2.722378E+00   5.079563E+01
   2.718344E+00   5.081250E+01
   2.679377E+00   5.081288E+01
   2.634573E+00   5.081244E+01
   2.596078E+00   5.084990E+01
   2.603931E+00   5.086058E+01
   2.602901E+00   5.090498E+01
   2.587108E+00   5.091754E+01
   2.624792E+00   5.094743E+01
   2.601356E+00   5.098815E+01
   2.571949E+00   5.100151E+01
   2.557543E+00   5.107103E+01
   2.340725E+00   5.131453E+01
   3.010780E+00   5.159839E+01
   3.330574E+00   5.143561E+01
   3.389281E+00   5.133628E+01
   3.359222E+00   5.131491E+01
   3.378897E+00   5.130251E+01
   3.385480E+00   5.127571E+01
   3.422413E+00   5.125826E+01
   3.430910E+00   5.124784E+01
   3.450306E+00   5.124219E+01
   3.527004E+00   5.124651E+01
   3.514331E+00   5.128799E+01
   3.589910E+00   5.130625E+01
   3.658204E+00   5.129056E+01
   3.752689E+00   5.127067E+01
   3.798008E+00   5.125961E+01
   3.790026E+00   5.124572E+01
   3.788738E+00   5.122708E+01
   3.790798E+00   5.121516E+01
   3.860321E+00   5.121339E+01
   3.888903E+00   5.122355E+01
   3.894224E+00   5.121871E+01
   3.886070E+00   5.120086E+01
   3.926465E+00   5.122083E+01
   3.950872E+00   5.121823E+01
   4.015511E+00   5.124825E+01
   4.055103E+00   5.124402E+01
   4.165098E+00   5.129380E+01
   4.228344E+00   5.134384E+01
   4.216947E+00   5.137435E+01
   4.300826E+00   5.137708E+01
   4.334836E+00   5.137783E+01
   4.340844E+00   5.136029E+01
   4.386377E+00   5.135517E+01
   4.397964E+00   5.135688E+01
   4.424572E+00   5.136642E+01
   4.423087E+00   5.137577E+01
   4.381465E+00   5.141805E+01
   4.395776E+00   5.144243E+01
   4.378352E+00   5.144647E+01
   4.382343E+00   5.145165E+01
   4.476499E+00   5.147860E+01
   4.538641E+00   5.148272E+01
   4.548855E+00   5.147336E+01
   4.530659E+00   5.144951E+01
   4.535808E+00   5.142367E+01
   4.574346E+00   5.143352E+01
   4.639578E+00   5.142485E+01
   4.651422E+00   5.142726E+01
   4.668846E+00   5.142677E+01
   4.665842E+00   5.144454E+01
   4.691677E+00   5.145358E+01
   4.702578E+00   5.146727E+01
   4.728842E+00   5.148438E+01
   4.745407E+00   5.148956E+01
   4.749452E+00   5.149905E+01
   4.758274E+00   5.150302E+01
   4.776604E+00   5.150625E+01
   4.816658E+00   5.149552E+01
   4.823180E+00   5.148441E+01
   4.843550E+00   5.148177E+01
   4.845286E+00   5.145817E+01
   4.837160E+00   5.144759E+01
   4.825210E+00   5.144674E+01
   4.831035E+00   5.142488E+01
   4.876385E+00   5.141762E+01
   4.929085E+00   5.145700E+01
   4.957668E+00   5.145480E+01
   4.941342E+00   5.142928E+01
   4.937752E+00   5.140655E+01
   4.960068E+00   5.142194E+01
   4.999545E+00   5.144324E+01
   5.008156E+00   5.147134E+01
   5.029678E+00   5.148839E+01
   5.040930E+00   5.148760E+01
   5.047218E+00   5.147217E+01
   5.080323E+00   5.147226E+01
   5.106434E+00   5.143135E+01
   5.072699E+00   5.139365E+01
   5.116623E+00   5.136118E+01
   5.132251E+00   5.134720E+01
   5.135807E+00   5.131594E+01
   5.155917E+00   5.131278E+01
   5.200394E+00   5.132325E+01
   5.243256E+00   5.130570E+01
   5.227423E+00   5.126844E+01
   5.237997E+00   5.126255E+01
   5.262161E+00   5.126778E+01
   5.334999E+00   5.126474E+01
   5.344928E+00   5.127681E+01
   5.415511E+00   5.126390E+01
   5.440655E+00   5.128246E+01
   5.482146E+00   5.130064E+01
   5.516281E+00   5.129599E+01
   5.558165E+00   5.126613E+01
   5.562835E+00   5.122287E+01
   5.652534E+00   5.119899E+01
   5.661306E+00   5.118704E+01
   5.710316E+00   5.118623E+01
   5.746193E+00   5.119086E+01
   5.780010E+00   5.118031E+01
   5.781040E+00   5.115825E+01
   5.825937E+00   5.116827E+01
   5.857091E+00   5.114477E+01
   5.841680E+00   5.113078E+01
   5.814350E+00   5.111524E+01
   5.835548E+00   5.110842E+01
   5.833797E+00   5.109577E+01
   5.822909E+00   5.109124E+01
   5.811902E+00   5.109430E+01
   5.798156E+00   5.109023E+01
   5.806117E+00   5.107955E+01
   5.800309E+00   5.105826E+01
   5.777309E+00   5.105804E+01
   5.760274E+00   5.103223E+01
   5.773833E+00   5.102859E+01
   5.778288E+00   5.102399E+01
   5.767586E+00   5.100526E+01
   5.768464E+00   5.099850E+01
   5.751171E+00   5.098253E+01
   5.721741E+00   5.096128E+01
   5.734690E+00   5.095683E+01
   5.742597E+00   5.096113E+01
   5.746040E+00   5.096209E+01
   5.755420E+00   5.095986E+01
   5.760698E+00   5.095259E+01
   5.732234E+00   5.092210E+01
   5.724907E+00   5.090823E+01
   5.702848E+00   5.090563E+01
   5.697355E+00   5.089805E+01
   5.680514E+00   5.088068E+01
   5.645160E+00   5.086533E+01
   5.643369E+00   5.084974E+01
   5.640493E+00   5.084701E+01
   5.645764E+00   5.083961E+01
   5.644913E+00   5.083768E+01
   5.650921E+00   5.083432E+01
   5.655682E+00   5.082591E+01
   5.702959E+00   5.080821E+01
   5.702588E+00   5.078396E+01
   5.692037E+00   5.075629E+01
   5.721802E+00   5.076538E+01
   5.737618E+00   5.075842E+01
   5.739122E+00   5.076522E+01
   5.764757E+00   5.078370E+01
   5.777479E+00   5.078344E+01
   5.792696E+00   5.077138E+01
   5.807590E+00   5.075681E+01
   5.845249E+00   5.076609E+01
   5.849009E+00   5.075975E+01
   5.886669E+00   5.077108E+01
   5.896888E+00   5.075501E+01
   5.958963E+00   5.076308E+01
   6.020014E+00   5.075521E+01
   6.042083E+00   5.074557E+01
   6.039528E+00   5.072950E+01
   6.116234E+00   5.072364E+01
   6.149104E+00   5.068465E+01
   6.163120E+00   5.067169E+01
   6.166184E+00   5.066242E+01
   6.194916E+00   5.066546E+01
   6.197576E+00   5.065787E+01
   6.187105E+00   5.065118E+01
   6.184359E+00   5.064481E+01
   6.185796E+00   5.064140E+01
   6.191676E+00   5.064003E+01
   6.197684E+00   5.064150E+01
   6.202426E+00   5.063977E+01
   6.223154E+00   5.064143E+01
   6.227102E+00   5.065096E+01
   6.266499E+00   5.064285E+01
   6.273751E+00   5.063182E+01
   6.275189E+00   5.062922E+01
   6.270018E+00   5.062537E+01
   6.270533E+00   5.061914E+01
   6.244869E+00   5.059016E+01
END
END
