none
1
   2.661469E+01   5.750470E+01
   2.658588E+01   5.751295E+01
   2.655831E+01   5.750903E+01
   2.649830E+01   5.751976E+01
   2.646701E+01   5.757043E+01
   2.640182E+01   5.756724E+01
   2.632764E+01   5.757453E+01
   2.627128E+01   5.759355E+01
   2.624342E+01   5.761788E+01
   2.622716E+01   5.764596E+01
   2.620907E+01   5.766184E+01
   2.617494E+01   5.768523E+01
   2.619624E+01   5.771501E+01
   2.614036E+01   5.772891E+01
   2.613363E+01   5.774647E+01
   2.607579E+01   5.776312E+01
   2.605871E+01   5.775978E+01
   2.604996E+01   5.776111E+01
   2.602361E+01   5.776788E+01
   2.601811E+01   5.777186E+01
   2.602490E+01   5.777493E+01
   2.602335E+01   5.778399E+01
   2.605285E+01   5.784374E+01
   2.588673E+01   5.784224E+01
   2.581759E+01   5.786064E+01
   2.573689E+01   5.791895E+01
   2.570766E+01   5.789971E+01
   2.567539E+01   5.790299E+01
   2.564511E+01   5.791596E+01
   2.557549E+01   5.794256E+01
   2.558094E+01   5.795361E+01
   2.548373E+01   5.797029E+01
   2.543678E+01   5.799809E+01
   2.545394E+01   5.800727E+01
   2.536153E+01   5.802698E+01
   2.529453E+01   5.807647E+01
   2.530666E+01   5.803992E+01
   2.530837E+01   5.798516E+01
   2.525458E+01   5.798914E+01
   2.521465E+01   5.802410E+01
   2.519140E+01   5.807102E+01
   2.507879E+01   5.806138E+01
   2.502172E+01   5.801303E+01
   2.483974E+01   5.796952E+01
   2.469322E+01   5.794154E+01
   2.462770E+01   5.793692E+01
   2.446767E+01   5.792110E+01
   2.446350E+01   5.787686E+01
   2.440716E+01   5.786211E+01
   2.440613E+01   5.786996E+01
   2.435716E+01   5.787398E+01
   2.323031E+01   5.749764E+01
   2.267558E+01   5.782371E+01
   2.166951E+01   5.769501E+01
   2.085166E+01   5.901126E+01
   2.321828E+01   5.956751E+01
   2.645342E+01   5.999705E+01
   2.782958E+01   5.961906E+01
   2.811155E+01   5.945067E+01
   2.814163E+01   5.942363E+01
   2.819842E+01   5.940175E+01
   2.821311E+01   5.938583E+01
   2.821426E+01   5.936772E+01
   2.813395E+01   5.928680E+01
   2.806781E+01   5.928867E+01
   2.795935E+01   5.926718E+01
   2.789151E+01   5.918068E+01
   2.786741E+01   5.915659E+01
   2.781233E+01   5.912574E+01
   2.781430E+01   5.910510E+01
   2.777258E+01   5.903137E+01
   2.775455E+01   5.902934E+01
   2.775083E+01   5.898401E+01
   2.772557E+01   5.896435E+01
   2.751016E+01   5.874290E+01
   2.757565E+01   5.833422E+01
   2.751513E+01   5.830815E+01
   2.749466E+01   5.822503E+01
   2.760555E+01   5.811942E+01
   2.763869E+01   5.809982E+01
   2.761076E+01   5.805393E+01
   2.762064E+01   5.801336E+01
   2.763645E+01   5.801286E+01
   2.764933E+01   5.802115E+01
   2.766332E+01   5.801974E+01
   2.770168E+01   5.800337E+01
   2.770118E+01   5.798574E+01
   2.768652E+01   5.797598E+01
   2.768843E+01   5.795698E+01
   2.773664E+01   5.790827E+01
   2.781856E+01   5.789986E+01
   2.782397E+01   5.789104E+01
   2.781957E+01   5.785871E+01
   2.779798E+01   5.783680E+01
   2.774194E+01   5.782283E+01
   2.768648E+01   5.783022E+01
   2.763470E+01   5.783578E+01
   2.755929E+01   5.782660E+01
   2.755843E+01   5.781171E+01
   2.753973E+01   5.779060E+01
   2.751761E+01   5.777457E+01
   2.752990E+01   5.776080E+01
   2.755033E+01   5.773447E+01
   2.752886E+01   5.770563E+01
   2.750035E+01   5.770148E+01
   2.746181E+01   5.770223E+01
   2.738277E+01   5.766828E+01
   2.738986E+01   5.765630E+01
   2.740531E+01   5.763540E+01
   2.740959E+01   5.761128E+01
   2.737956E+01   5.759142E+01
   2.732998E+01   5.757610E+01
   2.735767E+01   5.752696E+01
   2.735206E+01   5.751293E+01
   2.727946E+01   5.753256E+01
   2.725786E+01   5.754563E+01
   2.719381E+01   5.754560E+01
   2.710042E+01   5.756100E+01
   2.708362E+01   5.757180E+01
   2.703159E+01   5.758060E+01
   2.702915E+01   5.758740E+01
   2.697226E+01   5.760002E+01
   2.694440E+01   5.759793E+01
   2.693519E+01   5.760743E+01
   2.694011E+01   5.761494E+01
   2.692380E+01   5.762829E+01
   2.690774E+01   5.762812E+01
   2.686818E+01   5.761160E+01
   2.686456E+01   5.758796E+01
   2.683481E+01   5.757792E+01
   2.680340E+01   5.757840E+01
   2.677837E+01   5.755529E+01
   2.675118E+01   5.755803E+01
   2.667447E+01   5.755027E+01
   2.664983E+01   5.754875E+01
   2.661992E+01   5.752694E+01
   2.662174E+01   5.750798E+01
   2.661469E+01   5.750470E+01
END
END
