none
1
   2.796852E+01   7.009959E+01
   2.800005E+01   7.001638E+01
   2.816218E+01   6.993240E+01
   2.835262E+01   6.988127E+01
   2.835466E+01   6.984885E+01
   2.913509E+01   6.969689E+01
   2.935237E+01   6.947794E+01
   2.925448E+01   6.940423E+01
   2.885697E+01   6.922181E+01
   2.882400E+01   6.911071E+01
   2.886932E+01   6.908132E+01
   2.895502E+01   6.905731E+01
   2.843475E+01   6.890842E+01
   2.882205E+01   6.887493E+01
   2.872393E+01   6.871912E+01
   2.864422E+01   6.866493E+01
   2.853859E+01   6.861127E+01
   2.854040E+01   6.860310E+01
   2.845037E+01   6.854090E+01
   2.865979E+01   6.819511E+01
   2.933467E+01   6.807471E+01
   3.002734E+01   6.768238E+01
   2.995903E+01   6.752222E+01
   2.965965E+01   6.733378E+01
   2.909660E+01   6.699938E+01
   2.907257E+01   6.695023E+01
   2.906845E+01   6.687160E+01
   2.934036E+01   6.666549E+01
   2.948387E+01   6.654772E+01
   2.972351E+01   6.628012E+01
   2.993294E+01   6.613358E+01
   3.008400E+01   6.589885E+01
   3.012108E+01   6.579489E+01
   3.015404E+01   6.566195E+01
   2.974411E+01   6.563506E+01
   2.988122E+01   6.556409E+01
   2.974367E+01   6.545104E+01
   2.976858E+01   6.533410E+01
   2.962257E+01   6.525240E+01
   2.988968E+01   6.521817E+01
   2.990616E+01   6.519254E+01
   2.984436E+01   6.514727E+01
   2.992882E+01   6.510250E+01
   2.963974E+01   6.505244E+01
   2.965416E+01   6.487111E+01
   2.971596E+01   6.483726E+01
   2.969879E+01   6.481915E+01
   3.006340E+01   6.479753E+01
   3.010940E+01   6.476476E+01
   3.005007E+01   6.474339E+01
   3.018763E+01   6.463528E+01
   3.001828E+01   6.459172E+01
   3.008669E+01   6.438943E+01
   3.014401E+01   6.435876E+01
   3.022821E+01   6.435039E+01
   3.049078E+01   6.426305E+01
   3.051318E+01   6.421944E+01
   3.047767E+01   6.420281E+01
   3.057495E+01   6.412598E+01
   3.053993E+01   6.404096E+01
   3.027351E+01   6.381765E+01
   2.998095E+01   6.375448E+01
   3.060933E+01   6.344322E+01
   3.082755E+01   6.340467E+01
   3.124840E+01   6.322168E+01
   3.151153E+01   6.301386E+01
   3.161590E+01   6.291023E+01
   3.148269E+01   6.277421E+01
   3.140854E+01   6.266595E+01
   3.119568E+01   6.243997E+01
   3.096908E+01   6.230497E+01
   3.071777E+01   6.219498E+01
   3.008056E+01   6.175883E+01
   2.962463E+01   6.149256E+01
   2.934723E+01   6.133749E+01
   2.919342E+01   6.123721E+01
   2.896820E+01   6.114721E+01
   2.883774E+01   6.111472E+01
   2.867157E+01   6.094311E+01
   2.853973E+01   6.093844E+01
   2.824585E+01   6.078330E+01
   2.788193E+01   6.059236E+01
   2.785721E+01   6.055728E+01
   2.780365E+01   6.053702E+01
   2.774872E+01   6.040300E+01
   2.758456E+01   6.019694E+01
   2.693167E+01   6.012657E+01
   2.649195E+01   6.001982E+01
   2.505929E+01   5.985189E+01
   2.058302E+01   5.928783E+01
   1.977823E+01   5.958238E+01
   1.902427E+01   6.019461E+01
   2.021816E+01   6.332559E+01
   2.196620E+01   6.401502E+01
   2.405456E+01   6.551069E+01
   2.414520E+01   6.571821E+01
   2.411636E+01   6.579208E+01
   2.414658E+01   6.581473E+01
   2.413799E+01   6.584004E+01
   2.411602E+01   6.585170E+01
   2.385263E+01   6.615631E+01
   2.365661E+01   6.620359E+01
   2.360333E+01   6.644617E+01
   2.376337E+01   6.652647E+01
   2.379220E+01   6.654678E+01
   2.385696E+01   6.656527E+01
   2.385954E+01   6.678413E+01
   2.395573E+01   6.681811E+01
   2.351618E+01   6.716778E+01
   2.356148E+01   6.720033E+01
   2.350987E+01   6.725386E+01
   2.373043E+01   6.731430E+01
   2.370731E+01   6.737351E+01
   2.366714E+01   6.743281E+01
   2.345698E+01   6.744613E+01
   2.335894E+01   6.747496E+01
   2.345383E+01   6.754402E+01
   2.344287E+01   6.756249E+01
   2.353184E+01   6.762351E+01
   2.347168E+01   6.767181E+01
   2.346440E+01   6.787481E+01
   2.360020E+01   6.794881E+01
   2.336941E+01   6.804500E+01
   2.328242E+01   6.814650E+01
   2.312838E+01   6.812342E+01
   2.312510E+01   6.824256E+01
   2.263853E+01   6.838915E+01
   2.203224E+01   6.847117E+01
   2.137244E+01   6.868511E+01
   2.076941E+01   6.891464E+01
   2.088396E+01   6.896190E+01
   2.057390E+01   6.904450E+01
   2.054372E+01   6.905889E+01
   2.071324E+01   6.912914E+01
   2.103375E+01   6.905780E+01
   2.106311E+01   6.908854E+01
   2.092111E+01   6.921513E+01
   2.126343E+01   6.932624E+01
   2.165294E+01   6.928345E+01
   2.234722E+01   6.886254E+01
   2.238110E+01   6.872605E+01
   2.256263E+01   6.875961E+01
   2.304156E+01   6.869703E+01
   2.316948E+01   6.863344E+01
   2.368529E+01   6.875528E+01
   2.376792E+01   6.882236E+01
   2.391756E+01   6.885773E+01
   2.416840E+01   6.879333E+01
   2.416791E+01   6.876065E+01
   2.477721E+01   6.865861E+01
   2.490807E+01   6.861078E+01
   2.507194E+01   6.864142E+01
   2.511310E+01   6.880094E+01
   2.535262E+01   6.888978E+01
   2.564375E+01   6.892970E+01
   2.573396E+01   6.902895E+01
   2.566624E+01   6.923225E+01
   2.579398E+01   6.940465E+01
   2.577574E+01   6.941674E+01
   2.581803E+01   6.944750E+01
   2.585414E+01   6.952605E+01
   2.582378E+01   6.954640E+01
   2.595765E+01   6.961431E+01
   2.587357E+01   6.966782E+01
   2.651180E+01   6.997025E+01
   2.728905E+01   6.996330E+01
   2.725479E+01   6.998337E+01
   2.758438E+01   7.007817E+01
   2.796852E+01   7.009959E+01
END
END
