none
1
   1.724184E+01   4.802644E+01
   1.733660E+01   4.799670E+01
   1.740973E+01   4.794797E+01
   1.746414E+01   4.788861E+01
   1.753195E+01   4.786903E+01
   1.757641E+01   4.782272E+01
   1.761383E+01   4.782457E+01
   1.770309E+01   4.777164E+01
   1.787064E+01   4.774787E+01
   1.797140E+01   4.776137E+01
   1.808933E+01   4.776102E+01
   1.816933E+01   4.774636E+01
   1.823868E+01   4.774660E+01
   1.839815E+01   4.775456E+01
   1.845411E+01   4.777244E+01
   1.857565E+01   4.777360E+01
   1.862286E+01   4.776333E+01
   1.870525E+01   4.778064E+01
   1.872362E+01   4.779275E+01
   1.873255E+01   4.781892E+01
   1.879709E+01   4.782699E+01
   1.884396E+01   4.782076E+01
   1.879040E+01   4.785602E+01
   1.875967E+01   4.787111E+01
   1.875349E+01   4.789690E+01
   1.875400E+01   4.791991E+01
   1.875263E+01   4.797590E+01
   1.876671E+01   4.798751E+01
   1.881340E+01   4.801048E+01
   1.881117E+01   4.802862E+01
   1.882181E+01   4.804733E+01
   1.884516E+01   4.805514E+01
   1.887400E+01   4.805089E+01
   1.888533E+01   4.806168E+01
   1.894541E+01   4.806133E+01
   1.896944E+01   4.805973E+01
   1.898111E+01   4.805835E+01
   1.899262E+01   4.806890E+01
   1.900875E+01   4.807923E+01
   1.901888E+01   4.808118E+01
   1.905836E+01   4.806340E+01
   1.908342E+01   4.807579E+01
   1.913767E+01   4.807556E+01
   1.922264E+01   4.806420E+01
   1.925182E+01   4.807269E+01
   1.929628E+01   4.809035E+01
   1.938864E+01   4.809402E+01
   1.943378E+01   4.810136E+01
   1.948734E+01   4.811385E+01
   1.949009E+01   4.814238E+01
   1.950554E+01   4.815475E+01
   1.950056E+01   4.817639E+01
   1.952373E+01   4.820420E+01
   1.954176E+01   4.821278E+01
   1.963325E+01   4.825371E+01
   1.967394E+01   4.824320E+01
   1.969729E+01   4.820694E+01
   1.972389E+01   4.820855E+01
   1.973299E+01   4.822044E+01
   1.976801E+01   4.821667E+01
   1.981367E+01   4.819138E+01
   1.980063E+01   4.816815E+01
   1.985710E+01   4.818108E+01
   1.990242E+01   4.816837E+01
   1.992714E+01   4.813459E+01
   1.997177E+01   4.816918E+01
   2.002636E+01   4.818257E+01
   2.009863E+01   4.821095E+01
   2.013227E+01   4.825783E+01
   2.024059E+01   4.828422E+01
   2.029415E+01   4.827085E+01
   2.035080E+01   4.831574E+01
   2.038393E+01   4.836035E+01
   2.041019E+01   4.842168E+01
   2.046032E+01   4.846723E+01
   2.050049E+01   4.849352E+01
   2.049980E+01   4.853945E+01
   2.054907E+01   4.854934E+01
   2.058495E+01   4.854207E+01
   2.065687E+01   4.856513E+01
   2.072039E+01   4.857558E+01
   2.085325E+01   4.858705E+01
   2.087866E+01   4.855764E+01
   2.092604E+01   4.856548E+01
   2.096603E+01   4.853070E+01
   2.102491E+01   4.853673E+01
   2.109478E+01   4.852252E+01
   2.116396E+01   4.852536E+01
   2.124052E+01   4.854468E+01
   2.129597E+01   4.852536E+01
   2.131433E+01   4.856468E+01
   2.141407E+01   4.856945E+01
   2.141733E+01   4.858581E+01
   2.144548E+01   4.858921E+01
   2.151484E+01   4.855786E+01
   2.152754E+01   4.853457E+01
   2.154676E+01   4.851433E+01
   2.161594E+01   4.851672E+01
   2.162693E+01   4.849431E+01
   2.163963E+01   4.845471E+01
   2.165955E+01   4.843558E+01
   2.166950E+01   4.841154E+01
   2.167156E+01   4.839337E+01
   2.168564E+01   4.839342E+01
   2.170967E+01   4.838157E+01
   2.172478E+01   4.835671E+01
   2.182777E+01   4.834096E+01
   2.182880E+01   4.836834E+01
   2.185833E+01   4.837142E+01
   2.186365E+01   4.836218E+01
   2.188597E+01   4.837267E+01
   2.195652E+01   4.838191E+01
   2.202227E+01   4.839468E+01
   2.207720E+01   4.838852E+01
   2.209505E+01   4.838065E+01
   2.213488E+01   4.839809E+01
   2.216114E+01   4.841849E+01
   2.220715E+01   4.842897E+01
   2.226860E+01   4.841302E+01
   2.225933E+01   4.838749E+01
   2.226585E+01   4.836674E+01
   2.232422E+01   4.835602E+01
   2.235031E+01   4.827600E+01
   2.238567E+01   4.824091E+01
   2.240147E+01   4.825417E+01
   2.243614E+01   4.825520E+01
   2.245537E+01   4.824617E+01
   2.249159E+01   4.825748E+01
   2.252506E+01   4.823839E+01
   2.257502E+01   4.819756E+01
   2.260403E+01   4.814375E+01
   2.260403E+01   4.811030E+01
   2.262360E+01   4.810651E+01
   2.267578E+01   4.809574E+01
   2.270642E+01   4.811362E+01
   2.274822E+01   4.812519E+01
   2.282324E+01   4.812416E+01
   2.283440E+01   4.811018E+01
   2.283440E+01   4.809723E+01
   2.286495E+01   4.807567E+01
   2.288796E+01   4.805537E+01
   2.288830E+01   4.802908E+01
   2.285105E+01   4.798877E+01
   2.290186E+01   4.796843E+01
   2.290649E+01   4.795062E+01
   2.285293E+01   4.790576E+01
   2.277981E+01   4.783736E+01
   2.268436E+01   4.778571E+01
   2.261295E+01   4.776679E+01
   2.254360E+01   4.776910E+01
   2.245983E+01   4.779332E+01
   2.243374E+01   4.773309E+01
   2.233314E+01   4.774856E+01
   2.225830E+01   4.768874E+01
   2.218311E+01   4.758880E+01
   2.205608E+01   4.752022E+01
   2.204029E+01   4.745131E+01
   2.204029E+01   4.741043E+01
   2.201729E+01   4.737208E+01
   2.188580E+01   4.726129E+01
   2.185867E+01   4.723705E+01
   2.186863E+01   4.718645E+01
   2.179172E+01   4.710145E+01
   2.166710E+01   4.703199E+01
   2.170074E+01   4.700695E+01
   2.168598E+01   4.695190E+01
   2.160496E+01   4.685784E+01
   2.153320E+01   4.671680E+01
   2.146145E+01   4.664826E+01
   2.141201E+01   4.661360E+01
   2.133305E+01   4.662468E+01
   2.132584E+01   4.657633E+01
   2.127468E+01   4.650028E+01
   2.133099E+01   4.645654E+01
   2.129768E+01   4.638696E+01
   2.121597E+01   4.635522E+01
   2.117718E+01   4.629310E+01
   2.110199E+01   4.625608E+01
   2.106766E+01   4.622830E+01
   2.094372E+01   4.625893E+01
   2.076656E+01   4.620193E+01
   2.071129E+01   4.615653E+01
   2.068382E+01   4.613584E+01
   2.063885E+01   4.611966E+01
   2.058975E+01   4.614702E+01
   2.051319E+01   4.617698E+01
   2.047199E+01   4.613203E+01
   2.030823E+01   4.614464E+01
   2.025192E+01   4.610133E+01
   2.013262E+01   4.614155E+01
   2.009777E+01   4.616687E+01
   2.006773E+01   4.613893E+01
   2.002945E+01   4.614333E+01
   2.001486E+01   4.617389E+01
   1.994001E+01   4.617210E+01
   1.991186E+01   4.615998E+01
   1.987049E+01   4.614785E+01
   1.981693E+01   4.612489E+01
   1.979118E+01   4.613679E+01
   1.975651E+01   4.614523E+01
   1.969797E+01   4.618149E+01
   1.968492E+01   4.617733E+01
   1.966055E+01   4.618458E+01
   1.963240E+01   4.616771E+01
   1.957043E+01   4.617496E+01
   1.956116E+01   4.616354E+01
   1.951344E+01   4.613703E+01
   1.953369E+01   4.611942E+01
   1.941627E+01   4.604131E+01
   1.929886E+01   4.598456E+01
   1.914333E+01   4.599076E+01
   1.911861E+01   4.603273E+01
   1.907810E+01   4.599911E+01
   1.908874E+01   4.595759E+01
   1.903553E+01   4.596189E+01
   1.901424E+01   4.591772E+01
   1.891983E+01   4.592751E+01
   1.880550E+01   4.587376E+01
   1.875709E+01   4.588726E+01
   1.869856E+01   4.591032E+01
   1.862474E+01   4.583610E+01
   1.857651E+01   4.579733E+01
   1.844811E+01   4.573207E+01
   1.832897E+01   4.574453E+01
   1.826923E+01   4.575219E+01
   1.816709E+01   4.577327E+01
   1.812744E+01   4.577782E+01
   1.810221E+01   4.575926E+01
   1.803629E+01   4.576692E+01
   1.799320E+01   4.578943E+01
   1.792265E+01   4.578093E+01
   1.786737E+01   4.576165E+01
   1.783218E+01   4.578033E+01
   1.774412E+01   4.581313E+01
   1.764542E+01   4.583920E+01
   1.762877E+01   4.589204E+01
   1.755976E+01   4.592966E+01
   1.752766E+01   4.593109E+01
   1.744903E+01   4.594399E+01
   1.743650E+01   4.591868E+01
   1.732973E+01   4.594041E+01
   1.730261E+01   4.597048E+01
   1.725060E+01   4.601163E+01
   1.722210E+01   4.606525E+01
   1.719721E+01   4.607752E+01
   1.716734E+01   4.611085E+01
   1.715155E+01   4.616759E+01
   1.712219E+01   4.616557E+01
   1.706486E+01   4.618744E+01
   1.703997E+01   4.620467E+01
   1.696924E+01   4.622367E+01
   1.693560E+01   4.624754E+01
   1.689938E+01   4.626487E+01
   1.687758E+01   4.628433E+01
   1.685440E+01   4.634728E+01
   1.680479E+01   4.637121E+01
   1.675226E+01   4.637666E+01
   1.671295E+01   4.639004E+01
   1.665236E+01   4.644839E+01
   1.658592E+01   4.647487E+01
   1.651794E+01   4.650406E+01
   1.652241E+01   4.652143E+01
   1.652790E+01   4.652899E+01
   1.651503E+01   4.653625E+01
   1.651400E+01   4.654269E+01
   1.650790E+01   4.656193E+01
   1.649305E+01   4.656075E+01
   1.647992E+01   4.656588E+01
   1.645984E+01   4.659532E+01
   1.645014E+01   4.659792E+01
   1.642190E+01   4.661313E+01
   1.638860E+01   4.663347E+01
   1.638216E+01   4.665580E+01
   1.639100E+01   4.666629E+01
   1.642327E+01   4.669355E+01
   1.638001E+01   4.669655E+01
   1.636456E+01   4.670414E+01
   1.634371E+01   4.672451E+01
   1.631461E+01   4.675480E+01
   1.630946E+01   4.677826E+01
   1.630989E+01   4.680176E+01
   1.633796E+01   4.680529E+01
   1.633676E+01   4.684235E+01
   1.630260E+01   4.685438E+01
   1.628946E+01   4.687034E+01
   1.623453E+01   4.687257E+01
   1.621625E+01   4.686688E+01
   1.617574E+01   4.685538E+01
   1.615325E+01   4.685233E+01
   1.612510E+01   4.685532E+01
   1.610845E+01   4.686800E+01
   1.614046E+01   4.688965E+01
   1.616346E+01   4.690700E+01
   1.619411E+01   4.693989E+01
   1.620380E+01   4.694464E+01
   1.624303E+01   4.694944E+01
   1.623822E+01   4.695747E+01
   1.625444E+01   4.696555E+01
   1.627427E+01   4.696379E+01
   1.627350E+01   4.698617E+01
   1.628680E+01   4.701736E+01
   1.630114E+01   4.701110E+01
   1.630448E+01   4.700168E+01
   1.634869E+01   4.701315E+01
   1.638482E+01   4.700338E+01
   1.641512E+01   4.700724E+01
   1.645529E+01   4.700507E+01
   1.650490E+01   4.700367E+01
   1.648773E+01   4.701034E+01
   1.646439E+01   4.702878E+01
   1.644679E+01   4.701982E+01
   1.642902E+01   4.703492E+01
   1.645194E+01   4.704568E+01
   1.651425E+01   4.705603E+01
   1.646928E+01   4.707299E+01
   1.646885E+01   4.708608E+01
   1.645958E+01   4.709175E+01
   1.646464E+01   4.710273E+01
   1.651374E+01   4.713871E+01
   1.644482E+01   4.714110E+01
   1.644722E+01   4.715412E+01
   1.645881E+01   4.716731E+01
   1.642293E+01   4.718586E+01
   1.641460E+01   4.720715E+01
   1.643074E+01   4.725448E+01
   1.647177E+01   4.726013E+01
   1.646696E+01   4.731648E+01
   1.642748E+01   4.735359E+01
   1.644413E+01   4.740904E+01
   1.645872E+01   4.741566E+01
   1.649116E+01   4.740962E+01
   1.649872E+01   4.739649E+01
   1.651726E+01   4.741427E+01
   1.657597E+01   4.742007E+01
   1.665253E+01   4.745827E+01
   1.665939E+01   4.747696E+01
   1.664274E+01   4.750665E+01
   1.670094E+01   4.753876E+01
   1.665218E+01   4.756772E+01
   1.665459E+01   4.760512E+01
   1.664600E+01   4.762236E+01
   1.662935E+01   4.762503E+01
   1.659365E+01   4.761426E+01
   1.656979E+01   4.761831E+01
   1.651863E+01   4.764041E+01
   1.650267E+01   4.763474E+01
   1.641220E+01   4.766250E+01
   1.644568E+01   4.770006E+01
   1.647614E+01   4.769301E+01
   1.648876E+01   4.770035E+01
   1.651975E+01   4.771369E+01
   1.654550E+01   4.772322E+01
   1.652893E+01   4.773996E+01
   1.654790E+01   4.775317E+01
   1.659451E+01   4.776166E+01
   1.663579E+01   4.776050E+01
   1.665742E+01   4.774509E+01
   1.672651E+01   4.773725E+01
   1.687225E+01   4.772547E+01
   1.688358E+01   4.769313E+01
   1.707550E+01   4.771046E+01
   1.704117E+01   4.779586E+01
   1.706486E+01   4.781108E+01
   1.700151E+01   4.785717E+01
   1.701610E+01   4.787272E+01
   1.707807E+01   4.788182E+01
   1.710623E+01   4.792762E+01
   1.708580E+01   4.793383E+01
   1.708889E+01   4.797372E+01
   1.715361E+01   4.800658E+01
   1.719429E+01   4.802369E+01
   1.724184E+01   4.802644E+01
END
END
