none
1
   1.159726E+01   3.633682E+01
   1.160037E+01   3.785861E+01
   9.923768E+00   3.783806E+01
   7.802627E+00   3.872932E+01
   7.718453E+00   4.133676E+01
   9.262847E+00   4.132630E+01
   9.418028E+00   4.142728E+01
   9.623821E+00   4.144740E+01
   9.653921E+00   4.196821E+01
   9.757779E+00   4.248093E+01
   9.320258E+00   4.349438E+01
   7.555371E+00   4.348099E+01
   7.524090E+00   4.378299E+01
   7.486001E+00   4.387429E+01
   7.701953E+00   4.407916E+01
   7.641609E+00   4.415244E+01
   7.522312E+00   4.413294E+01
   7.426414E+00   4.410263E+01
   7.355003E+00   4.411076E+01
   7.152786E+00   4.419501E+01
   7.014330E+00   4.422179E+01
   6.882662E+00   4.435396E+01
   6.886711E+00   4.445535E+01
   6.835899E+00   4.452393E+01
   6.957594E+00   4.462803E+01
   6.936906E+00   4.465710E+01
   7.019138E+00   4.472564E+01
   6.999752E+00   4.478737E+01
   7.002685E+00   4.483215E+01
   6.875123E+00   4.483275E+01
   6.738810E+00   4.490562E+01
   6.736434E+00   4.500533E+01
   6.669292E+00   4.501521E+01
   6.602696E+00   4.512945E+01
   6.958809E+00   4.521034E+01
   7.122265E+00   4.525776E+01
   7.102324E+00   4.532906E+01
   7.153530E+00   4.538434E+01
   6.996102E+00   4.548573E+01
   6.955375E+00   4.562868E+01
   6.838424E+00   4.567749E+01
   6.803627E+00   4.572512E+01
   6.789207E+00   4.582880E+01
   7.041206E+00   4.592728E+01
   7.069015E+00   4.591366E+01
   7.112274E+00   4.587137E+01
   7.293205E+00   4.592608E+01
   7.554302E+00   4.599386E+01
   7.845611E+00   4.594494E+01
   7.900543E+00   4.600126E+01
   7.988777E+00   4.600555E+01
   8.024826E+00   4.610085E+01
   8.159065E+00   4.617983E+01
   8.068771E+00   4.626273E+01
   8.135719E+00   4.630686E+01
   8.297767E+00   4.638957E+01
   8.276825E+00   4.641396E+01
   8.364715E+00   4.645773E+01
   8.449516E+00   4.646861E+01
   8.474579E+00   4.644921E+01
   8.477668E+00   4.635972E+01
   8.460846E+00   4.625252E+01
   8.539810E+00   4.622427E+01
   8.606586E+00   4.615487E+01
   8.694692E+00   4.610305E+01
   8.742885E+00   4.612620E+01
   8.759537E+00   4.610335E+01
   8.807258E+00   4.610347E+01
   8.866161E+00   4.607121E+01
   8.833351E+00   4.602891E+01
   8.790607E+00   4.599517E+01
   8.815327E+00   4.599183E+01
   8.832407E+00   4.598939E+01
   8.860302E+00   4.596869E+01
   8.894720E+00   4.596028E+01
   8.902359E+00   4.595390E+01
   8.897037E+00   4.593181E+01
   8.914890E+00   4.591987E+01
   8.948192E+00   4.586766E+01
   8.915663E+00   4.584112E+01
   8.956346E+00   4.584453E+01
   8.993425E+00   4.583825E+01
   9.028015E+00   4.582264E+01
   9.033680E+00   4.583908E+01
   9.072990E+00   4.590518E+01
   9.016600E+00   4.592841E+01
   8.954029E+00   4.596523E+01
   8.965616E+00   4.598575E+01
   9.021835E+00   4.600245E+01
   9.000721E+00   4.603368E+01
   9.068184E+00   4.611930E+01
   9.238987E+00   4.624564E+01
   9.274177E+00   4.638531E+01
   9.236755E+00   4.644484E+01
   9.277439E+00   4.650205E+01
   9.363613E+00   4.651446E+01
   9.466524E+00   4.651015E+01
   9.473991E+00   4.637868E+01
   9.505577E+00   4.636659E+01
   9.516477E+00   4.633419E+01
   9.584198E+00   4.629975E+01
   9.701614E+00   4.630757E+01
   9.715690E+00   4.634977E+01
   9.905548E+00   4.638602E+01
   9.959793E+00   4.638602E+01
   9.999962E+00   4.635238E+01
   1.008614E+01   4.623210E+01
   1.014227E+01   4.623216E+01
   1.016630E+01   4.626071E+01
   1.009918E+01   4.632512E+01
   1.011824E+01   4.638057E+01
   1.015841E+01   4.641052E+01
   1.003738E+01   4.642567E+01
   1.003515E+01   4.654564E+01
   1.009729E+01   4.661631E+01
   1.024166E+01   4.664119E+01
   1.026501E+01   4.661160E+01
   1.024836E+01   4.658400E+01
   1.046156E+01   4.654682E+01
   1.048319E+01   4.661301E+01
   1.039616E+01   4.663576E+01
   1.037744E+01   4.668466E+01
   1.039684E+01   4.673539E+01
   1.041796E+01   4.678936E+01
   1.046362E+01   4.685949E+01
   1.055374E+01   4.685327E+01
   1.066549E+01   4.688343E+01
   1.076849E+01   4.682990E+01
   1.081621E+01   4.678372E+01
   1.102135E+01   4.678196E+01
   1.110117E+01   4.693679E+01
   1.115662E+01   4.696877E+01
   1.131884E+01   4.699688E+01
   1.147900E+01   4.701584E+01
   1.162577E+01   4.701830E+01
   1.181923E+01   4.699758E+01
   1.192223E+01   4.704088E+01
   1.218109E+01   4.710005E+01
   1.224495E+01   4.708555E+01
   1.224838E+01   4.706895E+01
   1.221233E+01   4.702427E+01
   1.213062E+01   4.700835E+01
   1.217457E+01   4.694604E+01
   1.221542E+01   4.689352E+01
   1.227482E+01   4.689375E+01
   1.231396E+01   4.684329E+01
   1.229542E+01   4.679207E+01
   1.236065E+01   4.677843E+01
   1.238640E+01   4.672127E+01
   1.256046E+01   4.667064E+01
   1.278362E+01   4.665297E+01
   1.309296E+01   4.660818E+01
   1.317020E+01   4.659214E+01
   1.324050E+01   4.656352E+01
   1.328788E+01   4.656287E+01
   1.337156E+01   4.658164E+01
   1.350992E+01   4.656783E+01
   1.362837E+01   4.654481E+01
   1.364811E+01   4.653501E+01
   1.372845E+01   4.653005E+01
   1.369611E+01   4.643597E+01
   1.360717E+01   4.643733E+01
   1.358108E+01   4.640780E+01
   1.356709E+01   4.639555E+01
   1.345551E+01   4.633223E+01
   1.339439E+01   4.628943E+01
   1.343233E+01   4.622723E+01
   1.347370E+01   4.622890E+01
   1.354580E+01   4.621952E+01
   1.368365E+01   4.618206E+01
   1.365326E+01   4.613726E+01
   1.352074E+01   4.605489E+01
   1.351421E+01   4.603130E+01
   1.348649E+01   4.600245E+01
   1.353928E+01   4.597000E+01
   1.358528E+01   4.599303E+01
   1.363661E+01   4.599159E+01
   1.364553E+01   4.598277E+01
   1.363451E+01   4.594906E+01
   1.363978E+01   4.593557E+01
   1.361000E+01   4.589730E+01
   1.359678E+01   4.587435E+01
   1.357944E+01   4.585272E+01
   1.361309E+01   4.580727E+01
   1.366682E+01   4.580607E+01
   1.379831E+01   4.574740E+01
   1.383591E+01   4.571133E+01
   1.385822E+01   4.566996E+01
   1.392878E+01   4.563337E+01
   1.387247E+01   4.560263E+01
   1.385496E+01   4.558269E+01
   1.383599E+01   4.558053E+01
   1.380956E+01   4.557975E+01
   1.377823E+01   4.558329E+01
   1.374750E+01   4.559680E+01
   1.371883E+01   4.559326E+01
   1.370853E+01   4.559674E+01
   1.344560E+01   4.556894E+01
   1.300979E+01   4.476851E+01
   1.558512E+01   4.256248E+01
   1.802457E+01   4.140592E+01
   1.912499E+01   4.014800E+01
   1.741399E+01   3.837065E+01
   1.550718E+01   3.630954E+01
   1.383638E+01   3.634822E+01
   1.323388E+01   3.507638E+01
   1.197558E+01   3.514535E+01
   1.159726E+01   3.633682E+01
END
END
