none
1
   2.068220E+01   4.185408E+01
   2.061616E+01   4.185596E+01
   2.059321E+01   4.187344E+01
   2.057207E+01   4.192029E+01
   2.061636E+01   4.194123E+01
   2.061962E+01   4.197060E+01
   2.059748E+01   4.200696E+01
   2.058958E+01   4.204343E+01
   2.056898E+01   4.205656E+01
   2.055182E+01   4.208128E+01
   2.056246E+01   4.212229E+01
   2.054169E+01   4.215819E+01
   2.051171E+01   4.221912E+01
   2.049997E+01   4.222585E+01
   2.044744E+01   4.227007E+01
   2.040232E+01   4.228017E+01
   2.039286E+01   4.229328E+01
   2.035016E+01   4.230573E+01
   2.034327E+01   4.232034E+01
   2.032919E+01   4.232272E+01
   2.030564E+01   4.230975E+01
   2.028975E+01   4.231841E+01
   2.025651E+01   4.231381E+01
   2.023897E+01   4.232339E+01
   2.024172E+01   4.233451E+01
   2.023137E+01   4.234709E+01
   2.024041E+01   4.236756E+01
   2.020299E+01   4.240034E+01
   2.022160E+01   4.242031E+01
   2.018897E+01   4.244976E+01
   2.018995E+01   4.246123E+01
   2.016241E+01   4.250248E+01
   2.009905E+01   4.252756E+01
   2.007781E+01   4.255062E+01
   2.005218E+01   4.255643E+01
   2.006110E+01   4.256636E+01
   2.007983E+01   4.263561E+01
   2.009833E+01   4.265387E+01
   2.002597E+01   4.270293E+01
   2.001357E+01   4.273718E+01
   2.002940E+01   4.276543E+01
   2.005828E+01   4.277918E+01
   2.017177E+01   4.277208E+01
   2.025749E+01   4.277015E+01
   2.026633E+01   4.281006E+01
   2.026709E+01   4.281838E+01
   2.052074E+01   4.288578E+01
   2.047834E+01   4.293079E+01
   2.051263E+01   4.297310E+01
   2.053577E+01   4.297705E+01
   2.054061E+01   4.296817E+01
   2.054564E+01   4.296346E+01
   2.054976E+01   4.297577E+01
   2.057722E+01   4.301318E+01
   2.059181E+01   4.301883E+01
   2.063644E+01   4.301933E+01
   2.065031E+01   4.303427E+01
   2.066666E+01   4.305941E+01
   2.065229E+01   4.307283E+01
   2.068801E+01   4.310964E+01
   2.060942E+01   4.316854E+01
   2.059141E+01   4.320542E+01
   2.060017E+01   4.321273E+01
   2.067435E+01   4.321229E+01
   2.069944E+01   4.322619E+01
   2.072633E+01   4.325008E+01
   2.076011E+01   4.324765E+01
   2.078992E+01   4.326548E+01
   2.081492E+01   4.327753E+01
   2.085205E+01   4.325395E+01
   2.088347E+01   4.322407E+01
   2.089273E+01   4.320380E+01
   2.084407E+01   4.317930E+01
   2.088150E+01   4.316946E+01
   2.095959E+01   4.313149E+01
   2.099330E+01   4.314216E+01
   2.106641E+01   4.312039E+01
   2.108758E+01   4.314007E+01
   2.111796E+01   4.311470E+01
   2.114010E+01   4.311690E+01
   2.115469E+01   4.309133E+01
   2.115932E+01   4.303198E+01
   2.116968E+01   4.303015E+01
   2.117451E+01   4.300300E+01
   2.119768E+01   4.302856E+01
   2.123537E+01   4.302034E+01
   2.124778E+01   4.297988E+01
   2.123887E+01   4.295345E+01
   2.127501E+01   4.290710E+01
   2.133601E+01   4.290788E+01
   2.136957E+01   4.287538E+01
   2.144000E+01   4.287777E+01
   2.143962E+01   4.285002E+01
   2.141079E+01   4.276569E+01
   2.139440E+01   4.274780E+01
   2.145010E+01   4.275257E+01
   2.155785E+01   4.274007E+01
   2.159623E+01   4.273100E+01
   2.159954E+01   4.270844E+01
   2.164049E+01   4.270111E+01
   2.165457E+01   4.267650E+01
   2.167362E+01   4.269026E+01
   2.175722E+01   4.270439E+01
   2.179327E+01   4.265239E+01
   2.176220E+01   4.262108E+01
   2.174744E+01   4.259581E+01
   2.175070E+01   4.256016E+01
   2.171104E+01   4.251374E+01
   2.169354E+01   4.250384E+01
   2.167328E+01   4.248324E+01
   2.162796E+01   4.245082E+01
   2.165062E+01   4.241269E+01
   2.162161E+01   4.237529E+01
   2.157165E+01   4.236133E+01
   2.153904E+01   4.235956E+01
   2.152874E+01   4.232809E+01
   2.156891E+01   4.231489E+01
   2.159414E+01   4.226778E+01
   2.157938E+01   4.225139E+01
   2.153200E+01   4.223919E+01
   2.151964E+01   4.223932E+01
   2.150814E+01   4.226588E+01
   2.144978E+01   4.227477E+01
   2.144672E+01   4.223409E+01
   2.143397E+01   4.222902E+01
   2.139790E+01   4.224631E+01
   2.138901E+01   4.224339E+01
   2.137014E+01   4.222166E+01
   2.131120E+01   4.214431E+01
   2.130412E+01   4.214123E+01
   2.130412E+01   4.213881E+01
   2.131772E+01   4.211799E+01
   2.132300E+01   4.210739E+01
   2.130369E+01   4.210345E+01
   2.129897E+01   4.210841E+01
   2.127279E+01   4.209485E+01
   2.124713E+01   4.209109E+01
   2.122189E+01   4.209243E+01
   2.121082E+01   4.210981E+01
   2.121331E+01   4.213082E+01
   2.117941E+01   4.216665E+01
   2.116096E+01   4.219476E+01
   2.110765E+01   4.220449E+01
   2.103053E+01   4.215101E+01
   2.092126E+01   4.212013E+01
   2.089259E+01   4.209573E+01
   2.078924E+01   4.207338E+01
   2.075574E+01   4.199030E+01
   2.077071E+01   4.196241E+01
   2.078064E+01   4.191669E+01
   2.072999E+01   4.186154E+01
   2.068220E+01   4.185408E+01
END
END
