none
1
   2.659394E+01   5.566109E+01
   2.637334E+01   5.569487E+01
   2.634631E+01   5.572602E+01
   2.625887E+01   5.575856E+01
   2.619564E+01   5.584611E+01
   2.611077E+01   5.586930E+01
   2.602793E+01   5.594539E+01
   2.585575E+01   5.598686E+01
   2.580478E+01   5.604254E+01
   2.568346E+01   5.607379E+01
   2.566302E+01   5.612375E+01
   2.556050E+01   5.612757E+01
   2.553747E+01   5.614815E+01
   2.550130E+01   5.613003E+01
   2.531449E+01   5.613128E+01
   2.522933E+01   5.617473E+01
   2.516705E+01   5.615974E+01
   2.508892E+01   5.617295E+01
   2.506215E+01   5.619231E+01
   2.504065E+01   5.625297E+01
   2.496233E+01   5.630246E+01
   2.495290E+01   5.635335E+01
   2.486169E+01   5.640140E+01
   2.464482E+01   5.636074E+01
   2.458190E+01   5.627525E+01
   2.444868E+01   5.624443E+01
   2.435350E+01   5.625968E+01
   2.412775E+01   5.623534E+01
   2.403926E+01   5.626807E+01
   2.400478E+01   5.631422E+01
   2.381087E+01   5.632643E+01
   2.376423E+01   5.631079E+01
   2.354301E+01   5.632415E+01
   2.332672E+01   5.637324E+01
   2.319420E+01   5.636297E+01
   2.318638E+01   5.632277E+01
   2.309555E+01   5.629117E+01
   2.302155E+01   5.631842E+01
   2.299193E+01   5.638829E+01
   2.296623E+01   5.639794E+01
   2.288864E+01   5.636487E+01
   2.279800E+01   5.636107E+01
   2.274101E+01   5.636677E+01
   2.268333E+01   5.634699E+01
   2.243340E+01   5.640022E+01
   2.235374E+01   5.639034E+01
   2.223633E+01   5.639832E+01
   2.211685E+01   5.642340E+01
   2.200561E+01   5.640858E+01
   2.197815E+01   5.637248E+01
   2.183533E+01   5.635650E+01
   2.172615E+01   5.631044E+01
   2.160157E+01   5.630933E+01
   2.149750E+01   5.628187E+01
   2.145149E+01   5.624297E+01
   2.132446E+01   5.620785E+01
   2.124811E+01   5.614829E+01
   2.124275E+01   5.611647E+01
   2.120224E+01   5.607280E+01
   1.973348E+01   5.585085E+01
   2.037414E+01   5.753647E+01
   2.260986E+01   5.797025E+01
   2.420095E+01   5.791345E+01
   2.426183E+01   5.793083E+01
   2.441756E+01   5.788412E+01
   2.445763E+01   5.793089E+01
   2.452972E+01   5.795495E+01
   2.458603E+01   5.796733E+01
   2.470207E+01   5.796515E+01
   2.473160E+01   5.798481E+01
   2.480988E+01   5.799573E+01
   2.483597E+01   5.798299E+01
   2.500499E+01   5.802874E+01
   2.509140E+01   5.807897E+01
   2.521431E+01   5.808877E+01
   2.529465E+01   5.809470E+01
   2.537224E+01   5.803501E+01
   2.545532E+01   5.802119E+01
   2.549026E+01   5.799218E+01
   2.558235E+01   5.797753E+01
   2.561874E+01   5.794219E+01
   2.569565E+01   5.791266E+01
   2.573959E+01   5.792907E+01
   2.580276E+01   5.790245E+01
   2.583778E+01   5.786813E+01
   2.587692E+01   5.786850E+01
   2.606314E+01   5.786020E+01
   2.607109E+01   5.783375E+01
   2.604675E+01   5.778313E+01
   2.621059E+01   5.772863E+01
   2.621137E+01   5.769629E+01
   2.628282E+01   5.761261E+01
   2.647481E+01   5.758769E+01
   2.652160E+01   5.753305E+01
   2.658485E+01   5.755329E+01
   2.660571E+01   5.753963E+01
   2.673476E+01   5.760079E+01
   2.682911E+01   5.759768E+01
   2.691015E+01   5.764734E+01
   2.711713E+01   5.757745E+01
   2.734443E+01   5.753585E+01
   2.755274E+01   5.755224E+01
   2.758082E+01   5.750742E+01
   2.754363E+01   5.743753E+01
   2.767456E+01   5.740058E+01
   2.788066E+01   5.730111E+01
   2.788337E+01   5.724445E+01
   2.783117E+01   5.713810E+01
   2.776701E+01   5.711303E+01
   2.778224E+01   5.708453E+01
   2.774171E+01   5.702051E+01
   2.778300E+01   5.700441E+01
   2.774922E+01   5.691424E+01
   2.769479E+01   5.689721E+01
   2.767630E+01   5.685544E+01
   2.784622E+01   5.688650E+01
   2.788605E+01   5.688275E+01
   2.791214E+01   5.683470E+01
   2.798059E+01   5.684304E+01
   2.798815E+01   5.680499E+01
   2.792789E+01   5.674977E+01
   2.802068E+01   5.668459E+01
   2.805664E+01   5.660379E+01
   2.815121E+01   5.658357E+01
   2.815521E+01   5.655206E+01
   2.812951E+01   5.652862E+01
   2.820727E+01   5.644774E+01
   2.820783E+01   5.640068E+01
   2.818748E+01   5.637956E+01
   2.825501E+01   5.627762E+01
   2.818950E+01   5.617083E+01
   2.804990E+01   5.610650E+01
   2.799316E+01   5.611953E+01
   2.791255E+01   5.603716E+01
   2.784622E+01   5.603523E+01
   2.780879E+01   5.597010E+01
   2.775421E+01   5.596688E+01
   2.767369E+01   5.592349E+01
   2.764681E+01   5.588978E+01
   2.765257E+01   5.584371E+01
   2.761755E+01   5.577339E+01
   2.736509E+01   5.579560E+01
   2.727893E+01   5.577261E+01
   2.713002E+01   5.583579E+01
   2.709710E+01   5.581412E+01
   2.701126E+01   5.581440E+01
   2.692761E+01   5.577075E+01
   2.687839E+01   5.570273E+01
   2.678843E+01   5.566519E+01
   2.666638E+01   5.569129E+01
   2.659394E+01   5.566109E+01
END
END
