none
1
   2.199189E+01   5.642669E+01
   2.213101E+01   5.643410E+01
   2.232302E+01   5.641398E+01
   2.234339E+01   5.640005E+01
   2.242759E+01   5.641186E+01
   2.258789E+01   5.639453E+01
   2.262119E+01   5.638502E+01
   2.267853E+01   5.635764E+01
   2.272591E+01   5.637647E+01
   2.283521E+01   5.637090E+01
   2.289551E+01   5.638046E+01
   2.293121E+01   5.641808E+01
   2.300616E+01   5.641515E+01
   2.304959E+01   5.632850E+01
   2.316742E+01   5.633614E+01
   2.316021E+01   5.637134E+01
   2.332705E+01   5.638717E+01
   2.339710E+01   5.638635E+01
   2.346302E+01   5.635460E+01
   2.356739E+01   5.634718E+01
   2.363941E+01   5.636596E+01
   2.376749E+01   5.637472E+01
   2.378581E+01   5.636800E+01
   2.381407E+01   5.634443E+01
   2.402247E+01   5.633633E+01
   2.410005E+01   5.627826E+01
   2.415095E+01   5.625830E+01
   2.428872E+01   5.630267E+01
   2.433713E+01   5.630240E+01
   2.438840E+01   5.628242E+01
   2.442579E+01   5.626253E+01
   2.457694E+01   5.629649E+01
   2.456749E+01   5.632073E+01
   2.461727E+01   5.634946E+01
   2.462208E+01   5.637647E+01
   2.464788E+01   5.637887E+01
   2.469200E+01   5.637859E+01
   2.469349E+01   5.640611E+01
   2.478069E+01   5.640687E+01
   2.480239E+01   5.642314E+01
   2.481869E+01   5.642237E+01
   2.483187E+01   5.641428E+01
   2.485059E+01   5.641701E+01
   2.485017E+01   5.643767E+01
   2.487185E+01   5.645329E+01
   2.491996E+01   5.644662E+01
   2.492565E+01   5.640449E+01
   2.497677E+01   5.636448E+01
   2.497651E+01   5.631263E+01
   2.501861E+01   5.629289E+01
   2.506168E+01   5.626492E+01
   2.509414E+01   5.618875E+01
   2.523628E+01   5.619425E+01
   2.531428E+01   5.614763E+01
   2.533717E+01   5.615690E+01
   2.554017E+01   5.616781E+01
   2.568867E+01   5.614897E+01
   2.570444E+01   5.612012E+01
   2.570212E+01   5.608706E+01
   2.582477E+01   5.605775E+01
   2.589060E+01   5.600348E+01
   2.597822E+01   5.598323E+01
   2.604825E+01   5.595529E+01
   2.609951E+01   5.589964E+01
   2.622284E+01   5.585664E+01
   2.627260E+01   5.576851E+01
   2.631625E+01   5.574447E+01
   2.635264E+01   5.574475E+01
   2.639343E+01   5.571443E+01
   2.647551E+01   5.570736E+01
   2.653437E+01   5.567942E+01
   2.663364E+01   5.568473E+01
   2.664042E+01   5.565507E+01
   2.664042E+01   5.559874E+01
   2.663136E+01   5.556404E+01
   2.658307E+01   5.553513E+01
   2.653074E+01   5.551437E+01
   2.656646E+01   5.545662E+01
   2.655947E+01   5.538998E+01
   2.644916E+01   5.534658E+01
   2.655838E+01   5.532910E+01
   2.657104E+01   5.532597E+01
   2.661411E+01   5.533393E+01
   2.666647E+01   5.534137E+01
   2.673296E+01   5.532524E+01
   2.680119E+01   5.532495E+01
   2.683565E+01   5.530775E+01
   2.683873E+01   5.527842E+01
   2.672800E+01   5.523839E+01
   2.673199E+01   5.521608E+01
   2.670855E+01   5.516857E+01
   2.667071E+01   5.515589E+01
   2.661713E+01   5.514518E+01
   2.659146E+01   5.515318E+01
   2.657541E+01   5.514769E+01
   2.653945E+01   5.514195E+01
   2.651670E+01   5.515946E+01
   2.646272E+01   5.512688E+01
   2.639610E+01   5.513352E+01
   2.635912E+01   5.514729E+01
   2.630779E+01   5.512394E+01
   2.626230E+01   5.511952E+01
   2.623415E+01   5.510735E+01
   2.627596E+01   5.507674E+01
   2.626522E+01   5.506362E+01
   2.621046E+01   5.499601E+01
   2.611106E+01   5.497212E+01
   2.605494E+01   5.493247E+01
   2.597752E+01   5.495189E+01
   2.591023E+01   5.492961E+01
   2.586261E+01   5.492178E+01
   2.585810E+01   5.489927E+01
   2.577599E+01   5.482205E+01
   2.573858E+01   5.480394E+01
   2.575273E+01   5.476622E+01
   2.575169E+01   5.472186E+01
   2.574035E+01   5.469913E+01
   2.575971E+01   5.462071E+01
   2.576692E+01   5.456986E+01
   2.568535E+01   5.453423E+01
   2.564106E+01   5.446874E+01
   2.563646E+01   5.442270E+01
   2.559681E+01   5.437527E+01
   2.556738E+01   5.436348E+01
   2.555582E+01   5.433255E+01
   2.559382E+01   5.432400E+01
   2.568293E+01   5.432541E+01
   2.571429E+01   5.430077E+01
   2.571750E+01   5.427956E+01
   2.575384E+01   5.427152E+01
   2.579162E+01   5.423506E+01
   2.575901E+01   5.422235E+01
   2.578551E+01   5.419583E+01
   2.579648E+01   5.415115E+01
   2.573686E+01   5.415560E+01
   2.563728E+01   5.412241E+01
   2.555145E+01   5.414213E+01
   2.549927E+01   5.417731E+01
   2.552205E+01   5.419248E+01
   2.555111E+01   5.419860E+01
   2.550785E+01   5.429910E+01
   2.547146E+01   5.428788E+01
   2.539370E+01   5.427164E+01
   2.535353E+01   5.426262E+01
   2.522049E+01   5.424457E+01
   2.520624E+01   5.421868E+01
   2.516345E+01   5.418833E+01
   2.507286E+01   5.413046E+01
   2.499956E+01   5.413649E+01
   2.495047E+01   5.416696E+01
   2.483288E+01   5.413086E+01
   2.478550E+01   5.410893E+01
   2.481794E+01   5.407923E+01
   2.483790E+01   5.404084E+01
   2.487957E+01   5.404014E+01
   2.486950E+01   5.402841E+01
   2.482069E+01   5.399536E+01
   2.474207E+01   5.396356E+01
   2.467924E+01   5.395851E+01
   2.469836E+01   5.401324E+01
   2.444858E+01   5.390079E+01
   2.435015E+01   5.389221E+01
   2.417542E+01   5.395871E+01
   2.410469E+01   5.393729E+01
   2.397285E+01   5.391809E+01
   2.393560E+01   5.395437E+01
   2.387963E+01   5.393860E+01
   2.384308E+01   5.395457E+01
   2.380184E+01   5.393168E+01
   2.382019E+01   5.391930E+01
   2.382094E+01   5.390864E+01
   2.379707E+01   5.389726E+01
   2.377235E+01   5.389706E+01
   2.376138E+01   5.392237E+01
   2.371531E+01   5.393399E+01
   2.360619E+01   5.392234E+01
   2.353424E+01   5.393995E+01
   2.348637E+01   5.397123E+01
   2.347693E+01   5.399980E+01
   2.351744E+01   5.403369E+01
   2.351366E+01   5.408689E+01
   2.348980E+01   5.411809E+01
   2.347950E+01   5.415158E+01
   2.342096E+01   5.417600E+01
   2.337616E+01   5.422631E+01
   2.336157E+01   5.422831E+01
   2.333479E+01   5.425038E+01
   2.324347E+01   5.425580E+01
   2.322921E+01   5.426142E+01
   2.319523E+01   5.428627E+01
   2.315111E+01   5.429489E+01
   2.314373E+01   5.431342E+01
   2.309468E+01   5.429463E+01
   2.303678E+01   5.431472E+01
   2.305441E+01   5.434555E+01
   2.298443E+01   5.435776E+01
   2.300867E+01   5.438238E+01
   2.298426E+01   5.438296E+01
   2.294203E+01   5.439340E+01
   2.288713E+01   5.439978E+01
   2.288763E+01   5.440894E+01
   2.283680E+01   5.440626E+01
   2.281277E+01   5.437006E+01
   2.279114E+01   5.436126E+01
   2.276573E+01   5.438296E+01
   2.273063E+01   5.443865E+01
   2.269827E+01   5.445387E+01
   2.267703E+01   5.453769E+01
   2.270180E+01   5.456543E+01
   2.267647E+01   5.458320E+01
   2.268617E+01   5.459440E+01
   2.273484E+01   5.462986E+01
   2.274515E+01   5.465486E+01
   2.272368E+01   5.466817E+01
   2.271904E+01   5.468673E+01
   2.274081E+01   5.473309E+01
   2.277166E+01   5.475120E+01
   2.285422E+01   5.479119E+01
   2.286976E+01   5.479158E+01
   2.286975E+01   5.482379E+01
   2.283474E+01   5.486357E+01
   2.284830E+01   5.488737E+01
   2.281443E+01   5.490990E+01
   2.279955E+01   5.489892E+01
   2.274822E+01   5.491974E+01
   2.272187E+01   5.496394E+01
   2.264779E+01   5.496011E+01
   2.259785E+01   5.501464E+01
   2.258929E+01   5.503905E+01
   2.258566E+01   5.506903E+01
   2.247082E+01   5.504052E+01
   2.238790E+01   5.505183E+01
   2.228560E+01   5.506097E+01
   2.214009E+01   5.504649E+01
   2.212072E+01   5.502132E+01
   2.207153E+01   5.502329E+01
   2.203969E+01   5.503397E+01
   2.202664E+01   5.505124E+01
   2.203818E+01   5.507840E+01
   2.202932E+01   5.508378E+01
   2.200067E+01   5.508625E+01
   2.196623E+01   5.507244E+01
   2.190777E+01   5.508087E+01
   2.187901E+01   5.509193E+01
   2.184451E+01   5.509497E+01
   2.181292E+01   5.511726E+01
   2.177636E+01   5.511594E+01
   2.171662E+01   5.513243E+01
   2.164873E+01   5.517848E+01
   2.154419E+01   5.519425E+01
   2.151638E+01   5.517965E+01
   2.149200E+01   5.518867E+01
   2.144360E+01   5.522080E+01
   2.140858E+01   5.526513E+01
   2.138849E+01   5.528782E+01
   2.127314E+01   5.524038E+01
   2.108929E+01   5.525369E+01
   2.094492E+01   5.527970E+01
   2.061859E+01   5.537599E+01
   2.065327E+01   5.605019E+01
   2.105836E+01   5.607245E+01
   2.115687E+01   5.608975E+01
   2.119154E+01   5.607974E+01
   2.121865E+01   5.616322E+01
   2.133457E+01   5.622991E+01
   2.145019E+01   5.625301E+01
   2.149547E+01   5.629998E+01
   2.160084E+01   5.633120E+01
   2.169082E+01   5.632222E+01
   2.183741E+01   5.637445E+01
   2.195892E+01   5.639034E+01
   2.199189E+01   5.642669E+01
END
END
