none
1
   5.961753E+00   5.017631E+01
   6.026268E+00   5.018496E+01
   6.034984E+00   5.016356E+01
   6.060695E+00   5.015536E+01
   6.076680E+00   5.015913E+01
   6.078237E+00   5.017255E+01
   6.101762E+00   5.017199E+01
   6.122501E+00   5.016437E+01
   6.120101E+00   5.015594E+01
   6.127695E+00   5.014993E+01
   6.113228E+00   5.013739E+01
   6.123691E+00   5.013719E+01
   6.140929E+00   5.013050E+01
   6.135554E+00   5.011899E+01
   6.138082E+00   5.010263E+01
   6.131085E+00   5.009964E+01
   6.136160E+00   5.009163E+01
   6.121939E+00   5.009059E+01
   6.126335E+00   5.007817E+01
   6.131858E+00   5.007348E+01
   6.121171E+00   5.006400E+01
   6.114444E+00   5.006139E+01
   6.115631E+00   5.005817E+01
   6.123611E+00   5.006323E+01
   6.136608E+00   5.004178E+01
   6.130772E+00   5.002981E+01
   6.148207E+00   5.002307E+01
   6.137135E+00   5.001442E+01
   6.139343E+00   5.001116E+01
   6.151702E+00   5.001113E+01
   6.150498E+00   5.000653E+01
   6.147923E+00   5.000195E+01
   6.145906E+00   4.999717E+01
   6.151614E+00   4.999472E+01
   6.156247E+00   4.998867E+01
   6.163330E+00   4.998779E+01
   6.173329E+00   4.998559E+01
   6.173694E+00   4.998321E+01
   6.170353E+00   4.998376E+01
   6.166506E+00   4.997148E+01
   6.170926E+00   4.996353E+01
   6.177020E+00   4.996237E+01
   6.179295E+00   4.995412E+01
   6.182814E+00   4.995492E+01
   6.179810E+00   4.996422E+01
   6.181440E+00   4.996765E+01
   6.191010E+00   4.997079E+01
   6.195216E+00   4.996839E+01
   6.199783E+00   4.995352E+01
   6.207066E+00   4.995672E+01
   6.212689E+00   4.995140E+01
   6.225023E+00   4.995039E+01
   6.220440E+00   4.994369E+01
   6.228241E+00   4.993726E+01
   6.226350E+00   4.992766E+01
   6.219133E+00   4.992354E+01
   6.229935E+00   4.992183E+01
   6.236032E+00   4.991355E+01
   6.231823E+00   4.991039E+01
   6.233067E+00   4.990727E+01
   6.234398E+00   4.990049E+01
   6.247358E+00   4.989588E+01
   6.257809E+00   4.988724E+01
   6.261907E+00   4.988192E+01
   6.275940E+00   4.987768E+01
   6.281126E+00   4.987957E+01
   6.284137E+00   4.987885E+01
   6.287613E+00   4.987594E+01
   6.289201E+00   4.987605E+01
   6.292934E+00   4.987508E+01
   6.293278E+00   4.987033E+01
   6.297699E+00   4.986673E+01
   6.306796E+00   4.987069E+01
   6.311388E+00   4.987094E+01
   6.315324E+00   4.986730E+01
   6.314950E+00   4.986087E+01
   6.322374E+00   4.985381E+01
   6.323791E+00   4.985171E+01
   6.322331E+00   4.984618E+01
   6.321577E+00   4.984090E+01
   6.327406E+00   4.983673E+01
   6.336561E+00   4.983998E+01
   6.339366E+00   4.985070E+01
   6.365762E+00   4.985171E+01
   6.368723E+00   4.984850E+01
   6.402203E+00   4.982098E+01
   6.427045E+00   4.981661E+01
   6.428204E+00   4.981188E+01
   6.430970E+00   4.981129E+01
   6.434984E+00   4.981345E+01
   6.442451E+00   4.981531E+01
   6.443868E+00   4.981224E+01
   6.453660E+00   4.981275E+01
   6.463051E+00   4.981985E+01
   6.470570E+00   4.982385E+01
   6.482191E+00   4.981924E+01
   6.484680E+00   4.981539E+01
   6.490860E+00   4.981232E+01
   6.495452E+00   4.981334E+01
   6.507511E+00   4.980982E+01
   6.511459E+00   4.980315E+01
   6.514850E+00   4.980513E+01
   6.517811E+00   4.981284E+01
   6.521072E+00   4.981442E+01
   6.529808E+00   4.981048E+01
   6.532249E+00   4.980686E+01
   6.530829E+00   4.980116E+01
   6.521459E+00   4.979603E+01
   6.506782E+00   4.978933E+01
   6.517982E+00   4.978381E+01
   6.517682E+00   4.978121E+01
   6.510687E+00   4.977511E+01
   6.520563E+00   4.976818E+01
   6.520516E+00   4.976134E+01
   6.516437E+00   4.975787E+01
   6.503906E+00   4.975413E+01
   6.501460E+00   4.975068E+01
   6.504014E+00   4.974548E+01
   6.503069E+00   4.973305E+01
   6.507266E+00   4.972938E+01
   6.512768E+00   4.972782E+01
   6.518862E+00   4.972456E+01
   6.517789E+00   4.972186E+01
   6.510558E+00   4.971947E+01
   6.504357E+00   4.972485E+01
   6.498992E+00   4.972620E+01
   6.496117E+00   4.972445E+01
   6.507490E+00   4.971664E+01
   6.507726E+00   4.971313E+01
   6.506588E+00   4.971174E+01
   6.502426E+00   4.971159E+01
   6.481762E+00   4.969653E+01
   6.470475E+00   4.969259E+01
   6.461248E+00   4.969076E+01
   6.455884E+00   4.968474E+01
   6.445241E+00   4.967460E+01
   6.432023E+00   4.966802E+01
   6.428161E+00   4.966277E+01
   6.436272E+00   4.966154E+01
   6.441336E+00   4.965952E+01
   6.442511E+00   4.965591E+01
   6.440349E+00   4.964982E+01
   6.433182E+00   4.963920E+01
   6.423526E+00   4.962114E+01
   6.419277E+00   4.961574E+01
   6.412411E+00   4.961268E+01
   6.404257E+00   4.960431E+01
   6.400266E+00   4.960095E+01
   6.391725E+00   4.959869E+01
   6.386447E+00   4.959889E+01
   6.376705E+00   4.959149E+01
   6.375976E+00   4.958787E+01
   6.383614E+00   4.958203E+01
   6.384859E+00   4.957883E+01
   6.382456E+00   4.957610E+01
   6.377735E+00   4.957516E+01
   6.369753E+00   4.957783E+01
   6.359239E+00   4.957265E+01
   6.384001E+00   4.955851E+01
   6.383700E+00   4.955503E+01
   6.380181E+00   4.954849E+01
   6.369324E+00   4.954042E+01
   6.359968E+00   4.953295E+01
   6.361127E+00   4.952471E+01
   6.365590E+00   4.951510E+01
   6.369882E+00   4.950216E+01
   6.368594E+00   4.949564E+01
   6.371040E+00   4.948831E+01
   6.369452E+00   4.947939E+01
   6.370482E+00   4.945931E+01
   6.364217E+00   4.945886E+01
   6.333489E+00   4.946648E+01
   6.320400E+00   4.947551E+01
   6.304693E+00   4.947674E+01
   6.293964E+00   4.948039E+01
   6.287098E+00   4.948511E+01
   6.277657E+00   4.949461E+01
   6.278558E+00   4.950267E+01
   6.262894E+00   4.950339E+01
   6.254697E+00   4.950849E+01
   6.236243E+00   4.950768E+01
   6.213841E+00   4.950565E+01
   6.194358E+00   4.950476E+01
   6.171527E+00   4.950648E+01
   6.158266E+00   4.950164E+01
   6.164617E+00   4.949230E+01
   6.140714E+00   4.948586E+01
   6.129367E+00   4.948803E+01
   6.125479E+00   4.947175E+01
   6.101403E+00   4.946726E+01
   6.104826E+00   4.945076E+01
   6.081667E+00   4.945417E+01
   6.077222E+00   4.946139E+01
   6.059167E+00   4.946306E+01
   6.052222E+00   4.946028E+01
   6.044213E+00   4.944553E+01
   6.025294E+00   4.944703E+01
   6.021545E+00   4.945127E+01
   6.015740E+00   4.944885E+01
   5.994123E+00   4.945301E+01
   5.976569E+00   4.944885E+01
   5.977725E+00   4.945955E+01
   5.971842E+00   4.946182E+01
   5.968237E+00   4.947526E+01
   5.968912E+00   4.948202E+01
   5.961600E+00   4.949026E+01
   5.915279E+00   4.950005E+01
   5.893693E+00   4.949514E+01
   5.873480E+00   4.949748E+01
   5.863321E+00   4.950006E+01
   5.848503E+00   4.950863E+01
   5.848031E+00   4.951376E+01
   5.836410E+00   4.951817E+01
   5.831868E+00   4.952639E+01
   5.843080E+00   4.953081E+01
   5.835622E+00   4.954114E+01
   5.823827E+00   4.953749E+01
   5.816274E+00   4.953504E+01
   5.807176E+00   4.954008E+01
   5.806789E+00   4.954298E+01
   5.841293E+00   4.956197E+01
   5.859432E+00   4.957158E+01
   5.868663E+00   4.958700E+01
   5.862888E+00   4.958525E+01
   5.850220E+00   4.958448E+01
   5.847116E+00   4.958961E+01
   5.845652E+00   4.959810E+01
   5.872364E+00   4.960854E+01
   5.873480E+00   4.962033E+01
   5.882749E+00   4.963551E+01
   5.899978E+00   4.963907E+01
   5.899339E+00   4.966239E+01
   5.861378E+00   4.967446E+01
   5.857944E+00   4.968451E+01
   5.875703E+00   4.971118E+01
   5.864811E+00   4.972331E+01
   5.843249E+00   4.971822E+01
   5.821381E+00   4.972209E+01
   5.824894E+00   4.973767E+01
   5.820728E+00   4.974878E+01
   5.786264E+00   4.979079E+01
   5.765172E+00   4.978961E+01
   5.750937E+00   4.979094E+01
   5.741591E+00   4.982126E+01
   5.745814E+00   4.982435E+01
   5.737197E+00   4.983353E+01
   5.740531E+00   4.984142E+01
   5.747012E+00   4.984048E+01
   5.746237E+00   4.984783E+01
   5.753989E+00   4.984878E+01
   5.740663E+00   4.985152E+01
   5.752288E+00   4.985922E+01
   5.749545E+00   4.987554E+01
   5.775668E+00   4.987438E+01
   5.775053E+00   4.988057E+01
   5.734598E+00   4.989341E+01
   5.733033E+00   4.990285E+01
   5.757834E+00   4.991737E+01
   5.760393E+00   4.993252E+01
   5.770728E+00   4.993711E+01
   5.768783E+00   4.994239E+01
   5.768802E+00   4.996104E+01
   5.786724E+00   4.996816E+01
   5.805240E+00   4.996677E+01
   5.806521E+00   4.997321E+01
   5.831293E+00   4.997995E+01
   5.834616E+00   4.998656E+01
   5.818057E+00   4.999936E+01
   5.815606E+00   5.001437E+01
   5.847923E+00   5.002809E+01
   5.861889E+00   5.004581E+01
   5.850872E+00   5.005630E+01
   5.857809E+00   5.007186E+01
   5.880997E+00   5.008069E+01
   5.891965E+00   5.012041E+01
   5.952856E+00   5.013384E+01
   5.961753E+00   5.017631E+01
END
END
