none
1
   2.112423E+01   4.084759E+01
   2.097050E+01   4.084992E+01
   2.096918E+01   4.089799E+01
   2.093848E+01   4.091663E+01
   2.089984E+01   4.091144E+01
   2.085080E+01   4.092833E+01
   2.082964E+01   4.090032E+01
   2.080287E+01   4.089193E+01
   2.073034E+01   4.090754E+01
   2.067025E+01   4.106979E+01
   2.059507E+01   4.108944E+01
   2.057962E+01   4.111337E+01
   2.058577E+01   4.113249E+01
   2.057447E+01   4.115517E+01
   2.055147E+01   4.118402E+01
   2.052920E+01   4.119488E+01
   2.050944E+01   4.122942E+01
   2.050545E+01   4.128465E+01
   2.048522E+01   4.133440E+01
   2.049718E+01   4.135307E+01
   2.051820E+01   4.134827E+01
   2.054077E+01   4.137629E+01
   2.055168E+01   4.140923E+01
   2.053047E+01   4.142867E+01
   2.050721E+01   4.143481E+01
   2.049167E+01   4.148216E+01
   2.046423E+01   4.149283E+01
   2.044671E+01   4.151867E+01
   2.045834E+01   4.153718E+01
   2.045316E+01   4.156039E+01
   2.051320E+01   4.156580E+01
   2.054757E+01   4.158812E+01
   2.051101E+01   4.165953E+01
   2.052230E+01   4.169040E+01
   2.050794E+01   4.172730E+01
   2.055137E+01   4.186952E+01
   2.056898E+01   4.188288E+01
   2.059224E+01   4.188355E+01
   2.062106E+01   4.186615E+01
   2.064996E+01   4.188110E+01
   2.067150E+01   4.187972E+01
   2.068899E+01   4.186755E+01
   2.072503E+01   4.187335E+01
   2.073626E+01   4.189746E+01
   2.076304E+01   4.191969E+01
   2.074900E+01   4.194528E+01
   2.075820E+01   4.196038E+01
   2.074271E+01   4.198181E+01
   2.074227E+01   4.202665E+01
   2.075359E+01   4.205719E+01
   2.078488E+01   4.208672E+01
   2.082737E+01   4.209168E+01
   2.084859E+01   4.210563E+01
   2.088647E+01   4.210398E+01
   2.091772E+01   4.213421E+01
   2.102115E+01   4.215906E+01
   2.109607E+01   4.220911E+01
   2.111656E+01   4.221307E+01
   2.117112E+01   4.219675E+01
   2.121903E+01   4.213712E+01
   2.122592E+01   4.210637E+01
   2.126383E+01   4.210065E+01
   2.129494E+01   4.211452E+01
   2.131571E+01   4.211007E+01
   2.129974E+01   4.213935E+01
   2.131536E+01   4.216009E+01
   2.131382E+01   4.217078E+01
   2.133119E+01   4.221178E+01
   2.138331E+01   4.225228E+01
   2.142596E+01   4.225019E+01
   2.144318E+01   4.228446E+01
   2.151298E+01   4.227646E+01
   2.152915E+01   4.225180E+01
   2.158716E+01   4.226881E+01
   2.169828E+01   4.224307E+01
   2.172439E+01   4.226996E+01
   2.176101E+01   4.226664E+01
   2.179029E+01   4.230248E+01
   2.181392E+01   4.230173E+01
   2.184151E+01   4.233130E+01
   2.190075E+01   4.230830E+01
   2.191948E+01   4.231313E+01
   2.192767E+01   4.234309E+01
   2.194722E+01   4.235052E+01
   2.202898E+01   4.230719E+01
   2.204809E+01   4.231377E+01
   2.208287E+01   4.230917E+01
   2.211806E+01   4.232113E+01
   2.213109E+01   4.231628E+01
   2.214464E+01   4.232760E+01
   2.216588E+01   4.232344E+01
   2.219423E+01   4.234566E+01
   2.222775E+01   4.234379E+01
   2.225538E+01   4.237091E+01
   2.229475E+01   4.237969E+01
   2.230424E+01   4.236933E+01
   2.230267E+01   4.235042E+01
   2.240566E+01   4.229486E+01
   2.241767E+01   4.227422E+01
   2.245567E+01   4.224527E+01
   2.247573E+01   4.220949E+01
   2.250550E+01   4.220022E+01
   2.252416E+01   4.215444E+01
   2.257372E+01   4.212108E+01
   2.268068E+01   4.207102E+01
   2.271824E+01   4.207416E+01
   2.273982E+01   4.205330E+01
   2.278443E+01   4.204408E+01
   2.279941E+01   4.205204E+01
   2.282851E+01   4.202887E+01
   2.287218E+01   4.202567E+01
   2.288440E+01   4.197784E+01
   2.288384E+01   4.193612E+01
   2.290070E+01   4.191592E+01
   2.290805E+01   4.188709E+01
   2.293187E+01   4.186730E+01
   2.294939E+01   4.181737E+01
   2.297431E+01   4.177929E+01
   2.301452E+01   4.177095E+01
   2.303658E+01   4.173231E+01
   2.304012E+01   4.170847E+01
   2.299766E+01   4.166568E+01
   2.298761E+01   4.164249E+01
   2.295795E+01   4.163439E+01
   2.295777E+01   4.159469E+01
   2.297921E+01   4.156256E+01
   2.296758E+01   4.153454E+01
   2.297724E+01   4.151375E+01
   2.296707E+01   4.149030E+01
   2.298570E+01   4.144785E+01
   2.296252E+01   4.141734E+01
   2.297255E+01   4.139558E+01
   2.297049E+01   4.134980E+01
   2.292915E+01   4.133256E+01
   2.280780E+01   4.133228E+01
   2.277026E+01   4.131635E+01
   2.275513E+01   4.116838E+01
   2.273434E+01   4.114046E+01
   2.270782E+01   4.113442E+01
   2.266296E+01   4.117630E+01
   2.262226E+01   4.112926E+01
   2.258603E+01   4.111068E+01
   2.255248E+01   4.112421E+01
   2.246611E+01   4.111117E+01
   2.241672E+01   4.111326E+01
   2.237260E+01   4.112912E+01
   2.233169E+01   4.111470E+01
   2.231476E+01   4.113907E+01
   2.226378E+01   4.115787E+01
   2.221666E+01   4.116052E+01
   2.217856E+01   4.115210E+01
   2.215265E+01   4.112344E+01
   2.212998E+01   4.111718E+01
   2.208342E+01   4.113323E+01
   2.206765E+01   4.114820E+01
   2.203044E+01   4.112693E+01
   2.197470E+01   4.112038E+01
   2.191970E+01   4.108685E+01
   2.191348E+01   4.107035E+01
   2.191926E+01   4.104717E+01
   2.186020E+01   4.101033E+01
   2.184973E+01   4.099168E+01
   2.181023E+01   4.097346E+01
   2.181018E+01   4.094274E+01
   2.178954E+01   4.092470E+01
   2.175457E+01   4.091889E+01
   2.169127E+01   4.093373E+01
   2.167613E+01   4.091957E+01
   2.167454E+01   4.089399E+01
   2.164245E+01   4.089187E+01
   2.159630E+01   4.086066E+01
   2.156334E+01   4.086104E+01
   2.152446E+01   4.090187E+01
   2.146520E+01   4.090019E+01
   2.142542E+01   4.091074E+01
   2.136684E+01   4.087440E+01
   2.131731E+01   4.085812E+01
   2.125718E+01   4.085419E+01
   2.120779E+01   4.087605E+01
   2.115636E+01   4.085109E+01
   2.112423E+01   4.084759E+01
END
END
