none
1
   2.669077E+01   4.836515E+01
   2.675892E+01   4.832453E+01
   2.678192E+01   4.829987E+01
   2.681282E+01   4.829553E+01
   2.682123E+01   4.834153E+01
   2.679480E+01   4.834142E+01
   2.676218E+01   4.835294E+01
   2.670570E+01   4.840664E+01
   2.672424E+01   4.841348E+01
   2.677437E+01   4.841997E+01
   2.687136E+01   4.842282E+01
   2.689041E+01   4.841223E+01
   2.690294E+01   4.839809E+01
   2.689728E+01   4.838373E+01
   2.692989E+01   4.837370E+01
   2.696011E+01   4.836754E+01
   2.704233E+01   4.839468E+01
   2.701057E+01   4.841975E+01
   2.701023E+01   4.842601E+01
   2.708473E+01   4.843649E+01
   2.712524E+01   4.838054E+01
   2.719374E+01   4.839707E+01
   2.728472E+01   4.837666E+01
   2.729433E+01   4.840949E+01
   2.731665E+01   4.844537E+01
   2.735544E+01   4.845255E+01
   2.737656E+01   4.844264E+01
   2.738256E+01   4.841336E+01
   2.744831E+01   4.841747E+01
   2.746307E+01   4.844970E+01
   2.749208E+01   4.845972E+01
   2.758221E+01   4.849329E+01
   2.759869E+01   4.849397E+01
   2.760847E+01   4.848646E+01
   2.759302E+01   4.846302E+01
   2.765945E+01   4.844275E+01
   2.773567E+01   4.845812E+01
   2.775404E+01   4.846017E+01
   2.779163E+01   4.844674E+01
   2.781687E+01   4.842920E+01
   2.782305E+01   4.842043E+01
   2.785858E+01   4.841405E+01
   2.787558E+01   4.840642E+01
   2.788004E+01   4.840015E+01
   2.788382E+01   4.839274E+01
   2.788639E+01   4.837267E+01
   2.790390E+01   4.835750E+01
   2.796020E+01   4.832864E+01
   2.797943E+01   4.832658E+01
   2.802097E+01   4.832818E+01
   2.804775E+01   4.832818E+01
   2.807793E+01   4.831975E+01
   2.809856E+01   4.829564E+01
   2.808394E+01   4.824701E+01
   2.809708E+01   4.823491E+01
   2.813307E+01   4.824754E+01
   2.814131E+01   4.826743E+01
   2.819040E+01   4.825577E+01
   2.818748E+01   4.821998E+01
   2.820671E+01   4.820683E+01
   2.826387E+01   4.822810E+01
   2.830301E+01   4.824354E+01
   2.831005E+01   4.824400E+01
   2.831786E+01   4.823519E+01
   2.832344E+01   4.823468E+01
   2.833065E+01   4.824257E+01
   2.834327E+01   4.824885E+01
   2.835280E+01   4.824800E+01
   2.836158E+01   4.824377E+01
   2.837159E+01   4.822799E+01
   2.837322E+01   4.820717E+01
   2.835854E+01   4.818085E+01
   2.832078E+01   4.816506E+01
   2.830902E+01   4.815326E+01
   2.830996E+01   4.814971E+01
   2.830739E+01   4.814158E+01
   2.831383E+01   4.813711E+01
   2.834138E+01   4.813596E+01
   2.835940E+01   4.814570E+01
   2.837339E+01   4.817576E+01
   2.838936E+01   4.817896E+01
   2.841382E+01   4.817959E+01
   2.843871E+01   4.817095E+01
   2.844266E+01   4.814169E+01
   2.842463E+01   4.812846E+01
   2.842730E+01   4.812073E+01
   2.847193E+01   4.807728E+01
   2.850403E+01   4.815337E+01
   2.857681E+01   4.818520E+01
   2.868238E+01   4.814856E+01
   2.872616E+01   4.813173E+01
   2.875362E+01   4.814192E+01
   2.886263E+01   4.812932E+01
   2.885250E+01   4.803425E+01
   2.890486E+01   4.801278E+01
   2.892374E+01   4.796590E+01
   2.896116E+01   4.798153E+01
   2.905335E+01   4.794521E+01
   2.908854E+01   4.798636E+01
   2.912544E+01   4.799624E+01
   2.918037E+01   4.799659E+01
   2.920132E+01   4.790299E+01
   2.928783E+01   4.789195E+01
   2.927513E+01   4.787514E+01
   2.922638E+01   4.784980E+01
   2.920200E+01   4.781961E+01
   2.921934E+01   4.779949E+01
   2.924724E+01   4.781338E+01
   2.928148E+01   4.780416E+01
   2.925127E+01   4.775006E+01
   2.920887E+01   4.771993E+01
   2.923548E+01   4.768538E+01
   2.924011E+01   4.763370E+01
   2.918552E+01   4.756796E+01
   2.912235E+01   4.755313E+01
   2.915153E+01   4.751094E+01
   2.919205E+01   4.752369E+01
   2.919565E+01   4.743169E+01
   2.924114E+01   4.746384E+01
   2.932165E+01   4.745096E+01
   2.939392E+01   4.738034E+01
   2.940233E+01   4.735383E+01
   2.940027E+01   4.730240E+01
   2.947546E+01   4.731322E+01
   2.948421E+01   4.736371E+01
   2.957777E+01   4.737150E+01
   2.960180E+01   4.725430E+01
   2.955464E+01   4.724996E+01
   2.958567E+01   4.713427E+01
   2.952284E+01   4.712785E+01
   2.952644E+01   4.709303E+01
   2.961562E+01   4.710221E+01
   2.963322E+01   4.704510E+01
   2.960163E+01   4.697112E+01
   2.973415E+01   4.693010E+01
   2.975166E+01   4.687099E+01
   2.988659E+01   4.688906E+01
   2.995800E+01   4.684517E+01
   2.998478E+01   4.682003E+01
   2.995800E+01   4.679348E+01
   2.998100E+01   4.675445E+01
   2.997173E+01   4.672221E+01
   2.997860E+01   4.668454E+01
   2.995251E+01   4.664731E+01
   2.997757E+01   4.659072E+01
   2.994770E+01   4.655296E+01
   3.019249E+01   4.641940E+01
   3.009687E+01   4.636920E+01
   3.005894E+01   4.639407E+01
   3.002306E+01   4.638175E+01
   2.989414E+01   4.634859E+01
   2.979561E+01   4.638483E+01
   2.977158E+01   4.644661E+01
   2.967167E+01   4.640899E+01
   2.968300E+01   4.635688E+01
   2.960266E+01   4.634954E+01
   2.957520E+01   4.635901E+01
   2.948936E+01   4.642555E+01
   2.944920E+01   4.649461E+01
   2.939529E+01   4.641632E+01
   2.935513E+01   4.648799E+01
   2.931976E+01   4.644708E+01
   2.932972E+01   4.641088E+01
   2.927410E+01   4.639454E+01
   2.923943E+01   4.637204E+01
   2.920303E+01   4.638389E+01
   2.922020E+01   4.651139E+01
   2.904339E+01   4.650383E+01
   2.903034E+01   4.646128E+01
   2.894211E+01   4.645418E+01
   2.900974E+01   4.631635E+01
   2.896030E+01   4.626131E+01
   2.907360E+01   4.619433E+01
   2.895893E+01   4.609323E+01
   2.901112E+01   4.605155E+01
   2.898502E+01   4.600054E+01
   2.878452E+01   4.596905E+01
   2.879139E+01   4.582904E+01
   2.870109E+01   4.581444E+01
   2.871551E+01   4.577662E+01
   2.860531E+01   4.575938E+01
   2.859432E+01   4.572488E+01
   2.851776E+01   4.571817E+01
   2.854866E+01   4.557680E+01
   2.849648E+01   4.556863E+01
   2.852291E+01   4.549528E+01
   2.841648E+01   4.548132E+01
   2.841682E+01   4.551044E+01
   2.830627E+01   4.554411E+01
   2.825992E+01   4.551260E+01
   2.821478E+01   4.546164E+01
   2.818388E+01   4.547012E+01
   2.807762E+01   4.560779E+01
   2.815384E+01   4.566397E+01
   2.810612E+01   4.579266E+01
   2.810234E+01   4.585953E+01
   2.811144E+01   4.589527E+01
   2.811899E+01   4.592584E+01
   2.811092E+01   4.593623E+01
   2.809599E+01   4.597907E+01
   2.808363E+01   4.600769E+01
   2.808758E+01   4.607180E+01
   2.812620E+01   4.616212E+01
   2.810320E+01   4.621393E+01
   2.810715E+01   4.624350E+01
   2.814079E+01   4.629049E+01
   2.818319E+01   4.630603E+01
   2.817899E+01   4.635238E+01
   2.823538E+01   4.642839E+01
   2.820534E+01   4.650324E+01
   2.822405E+01   4.656323E+01
   2.822096E+01   4.657999E+01
   2.824362E+01   4.661325E+01
   2.820568E+01   4.668542E+01
   2.818577E+01   4.671892E+01
   2.814697E+01   4.679301E+01
   2.811590E+01   4.681216E+01
   2.810491E+01   4.684376E+01
   2.809530E+01   4.687029E+01
   2.807934E+01   4.690079E+01
   2.806458E+01   4.699325E+01
   2.804724E+01   4.699758E+01
   2.794682E+01   4.704486E+01
   2.789652E+01   4.707117E+01
   2.787815E+01   4.709128E+01
   2.785343E+01   4.710507E+01
   2.782665E+01   4.711512E+01
   2.782064E+01   4.712329E+01
   2.783558E+01   4.712715E+01
   2.781910E+01   4.713486E+01
   2.777601E+01   4.714011E+01
   2.778545E+01   4.720196E+01
   2.777361E+01   4.720184E+01
   2.777327E+01   4.721922E+01
   2.775301E+01   4.722959E+01
   2.774340E+01   4.724113E+01
   2.772469E+01   4.729180E+01
   2.770941E+01   4.729437E+01
   2.770838E+01   4.728854E+01
   2.768623E+01   4.728226E+01
   2.763250E+01   4.730112E+01
   2.761156E+01   4.731672E+01
   2.759684E+01   4.731503E+01
   2.757671E+01   4.733021E+01
   2.758478E+01   4.733330E+01
   2.760564E+01   4.733481E+01
   2.759422E+01   4.734551E+01
   2.758787E+01   4.736173E+01
   2.756950E+01   4.736371E+01
   2.756109E+01   4.739335E+01
   2.757259E+01   4.741798E+01
   2.756470E+01   4.742089E+01
   2.755354E+01   4.742309E+01
   2.754942E+01   4.743413E+01
   2.756075E+01   4.745491E+01
   2.747406E+01   4.748345E+01
   2.745260E+01   4.750607E+01
   2.745329E+01   4.751372E+01
   2.742059E+01   4.755342E+01
   2.741458E+01   4.757160E+01
   2.742308E+01   4.757936E+01
   2.740136E+01   4.758185E+01
   2.737029E+01   4.759661E+01
   2.731347E+01   4.764180E+01
   2.731167E+01   4.765001E+01
   2.729193E+01   4.765995E+01
   2.724798E+01   4.771900E+01
   2.726841E+01   4.774625E+01
   2.721245E+01   4.781661E+01
   2.721691E+01   4.783079E+01
   2.719648E+01   4.783863E+01
   2.713486E+01   4.791841E+01
   2.716181E+01   4.794625E+01
   2.713503E+01   4.796292E+01
   2.714516E+01   4.798797E+01
   2.711288E+01   4.799096E+01
   2.708628E+01   4.800818E+01
   2.708851E+01   4.802771E+01
   2.707735E+01   4.803746E+01
   2.708113E+01   4.804825E+01
   2.706671E+01   4.805754E+01
   2.703478E+01   4.806913E+01
   2.702053E+01   4.809127E+01
   2.703873E+01   4.810376E+01
   2.702911E+01   4.811843E+01
   2.699976E+01   4.811924E+01
   2.696165E+01   4.812829E+01
   2.694757E+01   4.813734E+01
   2.694757E+01   4.815131E+01
   2.697384E+01   4.815853E+01
   2.693865E+01   4.815922E+01
   2.692354E+01   4.816906E+01
   2.694826E+01   4.818543E+01
   2.694397E+01   4.819298E+01
   2.691582E+01   4.817708E+01
   2.689711E+01   4.818074E+01
   2.685144E+01   4.822387E+01
   2.682466E+01   4.822490E+01
   2.681402E+01   4.824571E+01
   2.678123E+01   4.823942E+01
   2.672390E+01   4.824457E+01
   2.670587E+01   4.825097E+01
   2.666571E+01   4.824554E+01
   2.662871E+01   4.825903E+01
   2.661232E+01   4.827360E+01
   2.663790E+01   4.829073E+01
   2.667807E+01   4.835956E+01
   2.669077E+01   4.836515E+01
END
END
