none
1
   7.456283E+00   4.374326E+01
   7.595671E+00   4.352067E+01
   7.487181E+00   4.348382E+01
   7.417316E+00   4.372397E+01
   7.408583E+00   4.372958E+01
   7.409892E+00   4.373106E+01
   7.412432E+00   4.373207E+01
   7.411995E+00   4.373475E+01
   7.421361E+00   4.374075E+01
   7.422745E+00   4.374231E+01
   7.424507E+00   4.374122E+01
   7.427498E+00   4.374386E+01
   7.428432E+00   4.374628E+01
   7.430337E+00   4.374943E+01
   7.435657E+00   4.375031E+01
   7.436556E+00   4.375096E+01
   7.436454E+00   4.375293E+01
   7.438892E+00   4.375157E+01
   7.439429E+00   4.374990E+01
   7.456283E+00   4.374326E+01
END
END
