none
1
   1.937663E+01   4.187477E+01
   1.937548E+01   4.184397E+01
   1.923248E+01   4.161621E+01
   1.817282E+01   4.196210E+01
   1.853725E+01   4.239234E+01
   1.852188E+01   4.241879E+01
   1.849293E+01   4.243666E+01
   1.846888E+01   4.246260E+01
   1.842948E+01   4.248197E+01
   1.844162E+01   4.250875E+01
   1.843046E+01   4.252067E+01
   1.843305E+01   4.255214E+01
   1.844142E+01   4.256444E+01
   1.846968E+01   4.256799E+01
   1.849995E+01   4.259202E+01
   1.854839E+01   4.258041E+01
   1.851475E+01   4.261838E+01
   1.852771E+01   4.263586E+01
   1.856736E+01   4.264802E+01
   1.854569E+01   4.266847E+01
   1.854070E+01   4.269104E+01
   1.856443E+01   4.271679E+01
   1.852758E+01   4.272041E+01
   1.849771E+01   4.273264E+01
   1.846996E+01   4.275367E+01
   1.845047E+01   4.282383E+01
   1.846544E+01   4.285407E+01
   1.847669E+01   4.286407E+01
   1.848673E+01   4.288137E+01
   1.850295E+01   4.288810E+01
   1.847651E+01   4.293154E+01
   1.848914E+01   4.299730E+01
   1.853354E+01   4.303700E+01
   1.865172E+01   4.304413E+01
   1.864273E+01   4.314077E+01
   1.866255E+01   4.320445E+01
   1.869770E+01   4.323482E+01
   1.868152E+01   4.325807E+01
   1.872863E+01   4.328698E+01
   1.883747E+01   4.335231E+01
   1.891396E+01   4.336369E+01
   1.896362E+01   4.333228E+01
   1.896362E+01   4.331488E+01
   1.895658E+01   4.329395E+01
   1.898915E+01   4.328052E+01
   1.899108E+01   4.326246E+01
   1.900804E+01   4.325309E+01
   1.903548E+01   4.329222E+01
   1.907260E+01   4.329978E+01
   1.907912E+01   4.331856E+01
   1.905870E+01   4.334248E+01
   1.903805E+01   4.336243E+01
   1.901008E+01   4.343352E+01
   1.895226E+01   4.345094E+01
   1.895468E+01   4.349054E+01
   1.892017E+01   4.348755E+01
   1.890836E+01   4.350436E+01
   1.895979E+01   4.352853E+01
   1.898610E+01   4.355703E+01
   1.900590E+01   4.356217E+01
   1.904634E+01   4.352690E+01
   1.904922E+01   4.350753E+01
   1.914782E+01   4.353995E+01
   1.922902E+01   4.353592E+01
   1.922986E+01   4.348227E+01
   1.933385E+01   4.344054E+01
   1.936008E+01   4.341515E+01
   1.938320E+01   4.341445E+01
   1.945171E+01   4.338992E+01
   1.947017E+01   4.334349E+01
   1.954660E+01   4.331396E+01
   1.953197E+01   4.328333E+01
   1.955103E+01   4.325196E+01
   1.962270E+01   4.323097E+01
   1.964321E+01   4.320688E+01
   1.964476E+01   4.319066E+01
   1.967050E+01   4.318853E+01
   1.969384E+01   4.317297E+01
   1.973530E+01   4.317346E+01
   1.974743E+01   4.316306E+01
   1.977135E+01   4.316907E+01
   1.978375E+01   4.315572E+01
   1.978347E+01   4.313701E+01
   1.979345E+01   4.312634E+01
   1.983905E+01   4.311844E+01
   1.984292E+01   4.311197E+01
   1.983911E+01   4.309707E+01
   1.987016E+01   4.311704E+01
   1.989610E+01   4.310054E+01
   1.992719E+01   4.310041E+01
   1.998000E+01   4.311776E+01
   1.997287E+01   4.308502E+01
   2.005382E+01   4.302398E+01
   2.012197E+01   4.296861E+01
   2.015065E+01   4.299489E+01
   2.016472E+01   4.297677E+01
   2.021182E+01   4.296174E+01
   2.023969E+01   4.294463E+01
   2.027954E+01   4.293747E+01
   2.031323E+01   4.292468E+01
   2.034887E+01   4.291358E+01
   2.035340E+01   4.289776E+01
   2.034725E+01   4.286968E+01
   2.035883E+01   4.282993E+01
   2.026549E+01   4.281459E+01
   2.026874E+01   4.277764E+01
   2.025415E+01   4.275445E+01
   2.019802E+01   4.273945E+01
   2.005786E+01   4.277611E+01
   2.002961E+01   4.276246E+01
   2.001928E+01   4.273608E+01
   2.003614E+01   4.272104E+01
   2.003918E+01   4.270078E+01
   2.008502E+01   4.268199E+01
   2.011919E+01   4.265165E+01
   2.009906E+01   4.264047E+01
   2.007850E+01   4.260875E+01
   2.009314E+01   4.257963E+01
   2.008158E+01   4.255437E+01
   2.001802E+01   4.254063E+01
   2.001769E+01   4.252701E+01
   2.000475E+01   4.250636E+01
   1.995289E+01   4.250827E+01
   1.994167E+01   4.251536E+01
   1.990834E+01   4.250399E+01
   1.990784E+01   4.248582E+01
   1.982928E+01   4.246189E+01
   1.978934E+01   4.247993E+01
   1.976349E+01   4.250034E+01
   1.973861E+01   4.254265E+01
   1.974695E+01   4.258296E+01
   1.977128E+01   4.258836E+01
   1.974956E+01   4.261333E+01
   1.973639E+01   4.264037E+01
   1.971827E+01   4.265627E+01
   1.968148E+01   4.262561E+01
   1.966431E+01   4.262602E+01
   1.961318E+01   4.257426E+01
   1.961996E+01   4.254082E+01
   1.957211E+01   4.250691E+01
   1.952188E+01   4.244080E+01
   1.949818E+01   4.242224E+01
   1.947454E+01   4.238995E+01
   1.944408E+01   4.237833E+01
   1.941696E+01   4.234725E+01
   1.942421E+01   4.232462E+01
   1.938915E+01   4.228112E+01
   1.929817E+01   4.217689E+01
   1.940684E+01   4.210296E+01
   1.938057E+01   4.207183E+01
   1.938120E+01   4.205150E+01
   1.937419E+01   4.203953E+01
   1.937490E+01   4.200594E+01
   1.938061E+01   4.200246E+01
   1.938485E+01   4.199498E+01
   1.938117E+01   4.197787E+01
   1.939022E+01   4.196588E+01
   1.938641E+01   4.196115E+01
   1.935482E+01   4.195719E+01
   1.937435E+01   4.192855E+01
   1.937250E+01   4.191876E+01
   1.935173E+01   4.191160E+01
   1.938409E+01   4.188560E+01
   1.937663E+01   4.187477E+01
END
END
