none
1
   2.441849E+01   4.371380E+01
   2.434742E+01   4.369146E+01
   2.416992E+01   4.367632E+01
   2.407928E+01   4.370015E+01
   2.396015E+01   4.374084E+01
   2.384960E+01   4.375076E+01
   2.369717E+01   4.379786E+01
   2.362198E+01   4.378374E+01
   2.354851E+01   4.379662E+01
   2.350800E+01   4.382363E+01
   2.340637E+01   4.384567E+01
   2.332226E+01   4.384369E+01
   2.323334E+01   4.383255E+01
   2.313721E+01   4.379786E+01
   2.304073E+01   4.378745E+01
   2.292400E+01   4.381372E+01
   2.285396E+01   4.383973E+01
   2.282684E+01   4.386869E+01
   2.282513E+01   4.388478E+01
   2.287182E+01   4.398244E+01
   2.288315E+01   4.399578E+01
   2.299679E+01   4.402121E+01
   2.303009E+01   4.404392E+01
   2.303352E+01   4.407427E+01
   2.296829E+01   4.409474E+01
   2.291405E+01   4.409572E+01
   2.285293E+01   4.413491E+01
   2.279526E+01   4.415265E+01
   2.274788E+01   4.419058E+01
   2.266994E+01   4.420731E+01
   2.266239E+01   4.422921E+01
   2.267956E+01   4.426364E+01
   2.267475E+01   4.427716E+01
   2.258205E+01   4.429707E+01
   2.254257E+01   4.430444E+01
   2.244507E+01   4.447079E+01
   2.246155E+01   4.448426E+01
   2.252369E+01   4.448230E+01
   2.254189E+01   4.448671E+01
   2.256248E+01   4.454546E+01
   2.260265E+01   4.456112E+01
   2.264282E+01   4.455574E+01
   2.270428E+01   4.452123E+01
   2.271629E+01   4.452417E+01
   2.274994E+01   4.456283E+01
   2.267578E+01   4.460782E+01
   2.260815E+01   4.461271E+01
   2.255802E+01   4.463983E+01
   2.246189E+01   4.470917E+01
   2.228165E+01   4.460929E+01
   2.219170E+01   4.446687E+01
   2.214981E+01   4.446295E+01
   2.210621E+01   4.446295E+01
   2.201643E+01   4.453127E+01
   2.197098E+01   4.460786E+01
   2.162468E+01   4.464168E+01
   2.155963E+01   4.474062E+01
   2.137531E+01   4.476290E+01
   2.133091E+01   4.482545E+01
   2.134305E+01   4.488102E+01
   2.152109E+01   4.491526E+01
   2.140287E+01   4.494591E+01
   2.133685E+01   4.502011E+01
   2.142308E+01   4.506431E+01
   2.147964E+01   4.515302E+01
   2.140782E+01   4.519306E+01
   2.121735E+01   4.522494E+01
   2.116377E+01   4.528307E+01
   2.109219E+01   4.527179E+01
   2.100850E+01   4.530121E+01
   2.084007E+01   4.544454E+01
   2.075564E+01   4.546149E+01
   2.074865E+01   4.551272E+01
   2.078976E+01   4.554685E+01
   2.074209E+01   4.560410E+01
   2.077378E+01   4.572915E+01
   2.068751E+01   4.572937E+01
   2.061069E+01   4.583095E+01
   2.033611E+01   4.597762E+01
   2.024181E+01   4.613678E+01
   2.035430E+01   4.619388E+01
   2.044933E+01   4.617108E+01
   2.049992E+01   4.621488E+01
   2.063400E+01   4.616629E+01
   2.069141E+01   4.618759E+01
   2.076677E+01   4.629887E+01
   2.087934E+01   4.631148E+01
   2.106155E+01   4.627683E+01
   2.114717E+01   4.633047E+01
   2.119041E+01   4.642192E+01
   2.127709E+01   4.644801E+01
   2.123572E+01   4.650185E+01
   2.129597E+01   4.663322E+01
   2.139492E+01   4.665777E+01
   2.141940E+01   4.671534E+01
   2.148801E+01   4.672403E+01
   2.146247E+01   4.677857E+01
   2.150625E+01   4.685714E+01
   2.157461E+01   4.688788E+01
   2.158044E+01   4.694446E+01
   2.164403E+01   4.698077E+01
   2.163267E+01   4.705752E+01
   2.182722E+01   4.720570E+01
   2.192181E+01   4.739122E+01
   2.200225E+01   4.741318E+01
   2.198397E+01   4.749413E+01
   2.202109E+01   4.755269E+01
   2.215911E+01   4.762203E+01
   2.230687E+01   4.778764E+01
   2.240286E+01   4.777376E+01
   2.247901E+01   4.783535E+01
   2.257393E+01   4.779820E+01
   2.265721E+01   4.780994E+01
   2.273553E+01   4.786510E+01
   2.274466E+01   4.791368E+01
   2.290126E+01   4.798570E+01
   2.291374E+01   4.803919E+01
   2.306760E+01   4.803576E+01
   2.309438E+01   4.810136E+01
   2.315137E+01   4.814049E+01
   2.327812E+01   4.812222E+01
   2.331847E+01   4.806995E+01
   2.347724E+01   4.800003E+01
   2.353314E+01   4.804445E+01
   2.381056E+01   4.800979E+01
   2.386076E+01   4.793670E+01
   2.387844E+01   4.794544E+01
   2.393732E+01   4.795108E+01
   2.394281E+01   4.796200E+01
   2.397251E+01   4.797062E+01
   2.400959E+01   4.796935E+01
   2.406263E+01   4.795521E+01
   2.410109E+01   4.793791E+01
   2.411241E+01   4.791801E+01
   2.415979E+01   4.791738E+01
   2.416443E+01   4.792175E+01
   2.419876E+01   4.791761E+01
   2.431446E+01   4.792785E+01
   2.442947E+01   4.797407E+01
   2.457058E+01   4.797636E+01
   2.463203E+01   4.795452E+01
   2.470962E+01   4.785786E+01
   2.483047E+01   4.783044E+01
   2.489811E+01   4.773471E+01
   2.509964E+01   4.776102E+01
   2.523079E+01   4.789977E+01
   2.530907E+01   4.791749E+01
   2.562904E+01   4.795314E+01
   2.586559E+01   4.797384E+01
   2.618351E+01   4.800807E+01
   2.620892E+01   4.805330E+01
   2.626213E+01   4.808680E+01
   2.632702E+01   4.818646E+01
   2.637543E+01   4.820271E+01
   2.643791E+01   4.820683E+01
   2.645954E+01   4.821735E+01
   2.655052E+01   4.822879E+01
   2.658863E+01   4.825006E+01
   2.662914E+01   4.826446E+01
   2.670021E+01   4.826948E+01
   2.680733E+01   4.825943E+01
   2.685367E+01   4.823725E+01
   2.690311E+01   4.820637E+01
   2.694706E+01   4.819836E+01
   2.699512E+01   4.815418E+01
   2.704388E+01   4.813654E+01
   2.706345E+01   4.806477E+01
   2.711426E+01   4.803218E+01
   2.717503E+01   4.799819E+01
   2.725399E+01   4.783436E+01
   2.725468E+01   4.779517E+01
   2.730583E+01   4.775064E+01
   2.732403E+01   4.764342E+01
   2.743423E+01   4.758579E+01
   2.748951E+01   4.750422E+01
   2.754032E+01   4.749285E+01
   2.757843E+01   4.746779E+01
   2.762375E+01   4.732789E+01
   2.773773E+01   4.730065E+01
   2.776348E+01   4.725826E+01
   2.775799E+01   4.724271E+01
   2.777541E+01   4.723257E+01
   2.778794E+01   4.722050E+01
   2.779275E+01   4.720773E+01
   2.778829E+01   4.719210E+01
   2.780236E+01   4.719275E+01
   2.780657E+01   4.718907E+01
   2.780013E+01   4.717023E+01
   2.781232E+01   4.716719E+01
   2.781421E+01   4.714542E+01
   2.784845E+01   4.713667E+01
   2.790493E+01   4.707971E+01
   2.794132E+01   4.706837E+01
   2.796003E+01   4.705960E+01
   2.797531E+01   4.704486E+01
   2.804810E+01   4.702977E+01
   2.807316E+01   4.699852E+01
   2.809925E+01   4.698002E+01
   2.809444E+01   4.696175E+01
   2.811521E+01   4.692225E+01
   2.810388E+01   4.690360E+01
   2.811556E+01   4.689551E+01
   2.812174E+01   4.687721E+01
   2.811281E+01   4.687146E+01
   2.812998E+01   4.685315E+01
   2.817925E+01   4.677961E+01
   2.824585E+01   4.667347E+01
   2.825048E+01   4.664413E+01
   2.825563E+01   4.661207E+01
   2.824310E+01   4.657928E+01
   2.823246E+01   4.652651E+01
   2.823538E+01   4.648445E+01
   2.824362E+01   4.648149E+01
   2.826284E+01   4.646210E+01
   2.826473E+01   4.642922E+01
   2.824465E+01   4.640733E+01
   2.824654E+01   4.639431E+01
   2.821409E+01   4.637027E+01
   2.821186E+01   4.632061E+01
   2.820688E+01   4.631113E+01
   2.818285E+01   4.628385E+01
   2.813290E+01   4.622783E+01
   2.815041E+01   4.617936E+01
   2.810509E+01   4.601509E+01
   2.814766E+01   4.588810E+01
   2.812775E+01   4.583024E+01
   2.816311E+01   4.578045E+01
   2.817495E+01   4.570882E+01
   2.817873E+01   4.564045E+01
   2.814045E+01   4.560527E+01
   2.816225E+01   4.557632E+01
   2.817101E+01   4.551296E+01
   2.819452E+01   4.547434E+01
   2.823830E+01   4.546808E+01
   2.828156E+01   4.545182E+01
   2.829100E+01   4.543339E+01
   2.829597E+01   4.539893E+01
   2.834816E+01   4.532753E+01
   2.869938E+01   4.523549E+01
   2.877731E+01   4.533429E+01
   2.881302E+01   4.534249E+01
   2.884495E+01   4.532198E+01
   2.887138E+01   4.532053E+01
   2.893009E+01   4.528697E+01
   2.895412E+01   4.533115E+01
   2.924355E+01   4.544159E+01
   2.928097E+01   4.543050E+01
   2.932217E+01   4.545242E+01
   2.943340E+01   4.544929E+01
   2.955425E+01   4.541291E+01
   2.961021E+01   4.538736E+01
   2.967304E+01   4.533767E+01
   2.970992E+01   4.522089E+01
   2.996098E+01   4.519214E+01
   3.027896E+01   4.500665E+01
   2.887619E+01   4.372546E+01
   2.844463E+01   4.373042E+01
   2.823280E+01   4.375423E+01
   2.799007E+01   4.383799E+01
   2.793789E+01   4.397775E+01
   2.771027E+01   4.394611E+01
   2.765671E+01   4.403553E+01
   2.761311E+01   4.400911E+01
   2.739716E+01   4.400862E+01
   2.734634E+01   4.405749E+01
   2.728970E+01   4.407458E+01
   2.727442E+01   4.409702E+01
   2.727485E+01   4.410713E+01
   2.728266E+01   4.411008E+01
   2.727442E+01   4.411575E+01
   2.727476E+01   4.412253E+01
   2.726446E+01   4.412370E+01
   2.724043E+01   4.411125E+01
   2.705924E+01   4.412124E+01
   2.692886E+01   4.412727E+01
   2.670296E+01   4.405552E+01
   2.661747E+01   4.405182E+01
   2.624119E+01   4.399306E+01
   2.610008E+01   4.394512E+01
   2.607468E+01   4.391743E+01
   2.605717E+01   4.390136E+01
   2.599022E+01   4.387315E+01
   2.595383E+01   4.385483E+01
   2.592705E+01   4.382189E+01
   2.590714E+01   4.378869E+01
   2.579624E+01   4.371181E+01
   2.568157E+01   4.366663E+01
   2.547833E+01   4.361247E+01
   2.538288E+01   4.361296E+01
   2.533516E+01   4.362539E+01
   2.530289E+01   4.364701E+01
   2.509861E+01   4.368004E+01
   2.497913E+01   4.370884E+01
   2.489365E+01   4.370486E+01
   2.478069E+01   4.369295E+01
   2.473915E+01   4.367482E+01
   2.455513E+01   4.375101E+01
   2.441849E+01   4.371380E+01
END
END
