polygon
1
   47.450240   41.211990
   47.555540   41.148660
   47.639650   41.173940
   47.776010   41.135500
   47.906960   41.175020
   48.112900   41.445320
   48.410780   41.551370
   48.629890   41.801920
   48.864530   41.957530
   48.607730   42.168340
   48.239710   42.579760
   47.979450   42.993830
   47.845970   43.119010
   47.884650   43.295520
   47.851460   43.472090
   47.894690   43.611460
   48.164660   43.877050
   48.195360   43.989960
   48.164400   44.091890
   48.041290   44.201160
   47.808400   44.246030
   47.895090   44.444520
   47.788650   44.658140
   47.598020   44.740290
   47.373860   44.726130
   47.647860   45.158480
   48.056960   45.245720
   48.279870   45.402030
   48.671830   45.350840
   48.865670   45.385440
   49.011440   45.478550
   49.112560   45.652820
   49.936660   46.046340
   49.718290   46.234790
   49.523080   46.242810
   49.193150   46.427500
   48.623930   46.652370
   48.925630   46.642700
   49.047550   46.751140
   48.567820   47.434020
   48.469430   47.471120
   48.233290   47.738800
   48.048130   47.812180
   47.668850   47.809960
   47.410850   47.888500
   47.352030   47.765450
   47.235940   47.800660
   47.227670   47.873530
   47.144750   47.959030
   47.261210   48.078770
   47.175530   48.153450
   47.157550   48.307100
   46.590340   48.469340
   46.805370   48.890060
   47.012200   48.994800
   47.098720   49.143780
   47.018700   49.279550
   46.850390   49.385030
   46.944980   49.816720
   47.190740   49.883360
   47.383770   50.052080
   47.365940   50.274470
   47.510070   50.379760
   47.591660   50.407480
   47.895020   50.204140
   48.059980   50.053010
   48.203120   49.822780
   48.447900   49.750970
   48.760920   49.872910
   48.952970   50.024510
   48.774690   50.299230
   48.712940   50.549350
   48.838990   50.549480
   49.143680   50.731630
   49.456240   50.810430
   49.495170   50.881620
   49.434940   51.009720
   49.463370   51.051530
   49.775280   51.056020
   50.020160   51.191710
   50.388840   51.282910
   50.439730   51.369550
   50.591990   51.436860
   50.628930   51.565450
   50.767970   51.524090
   50.846180   51.548130
   50.879690   51.633230
   51.239490   51.628270
   51.194730   51.526710
   51.262640   51.443070
   51.581760   51.458170
   51.635710   51.404430
   51.856040   51.469590
   51.842750   51.568110
   51.906480   51.625390
   52.097890   51.608520
   52.318730   51.687260
   52.540970   51.408150
   52.781960   51.447280
   52.949840   51.404010
   53.225140   51.454840
   53.537160   51.373900
   53.551340   51.281570
   53.636290   51.185370
   53.993970   51.111700
   54.080160   51.065060
   54.170410   50.922150
   54.427490   50.809380
   54.365060   50.610750
   54.541510   50.476680
   54.646160   50.497970
   54.781570   50.613270
   54.727810   50.807900
   54.744570   50.912840
   54.659580   50.970170
   55.024120   50.857620
   55.025610   50.779320
   55.362660   50.609330
   55.474640   50.618640
   55.718870   50.498040
   56.082270   50.651050
   56.174640   50.722250
   56.209400   50.861000
   56.373830   50.852500
   56.495710   50.930500
   56.512670   51.000620
   56.716220   50.923260
   56.799570   50.969340
   56.777570   51.034940
   57.163430   51.040510
   57.299100   50.897870
   57.506480   50.825010
   57.574320   50.880380
   57.791960   50.879550
   57.817010   51.060970
   58.166440   51.012430
   58.298410   51.097970
   58.368070   51.026130
   58.554800   51.006390
   58.556710   50.835180
   58.617170   50.821020
   58.636510   50.762340
   58.751080   50.759040
   58.873970   50.647520
   59.407520   50.586500
   59.412080   50.520400
   59.503660   50.444460
   59.836580   50.490670
   60.038020   50.644310
   60.040130   50.762670
   60.144190   50.781290
   60.308110   50.621640
   60.824970   50.606730
   61.477500   50.763720
   61.609100   51.180390
   61.710870   51.212200
   61.733710   51.279750
   61.505000   51.459350
   61.028210   51.520420
   60.973240   51.563570
   60.956300   51.661680
   60.486380   51.695750
   60.556660   51.741700
   60.554610   51.833520
   60.198030   51.938900
   60.522830   52.101750
   60.742760   52.112380
   61.105950   52.314300
   61.019200   52.540080
   60.905310   52.569870
   60.881230   52.674430
   60.772600   52.697680
   61.160930   52.946510
   61.478240   52.978110
   61.621820   52.904280
   61.798700   52.945380
   62.023300   52.899140
   62.167330   52.954980
   62.196020   53.050150
   62.131750   53.161990
   61.813590   53.229190
   61.704440   53.307970
   61.542450   53.268880
   61.233910   53.343540
   61.287090   53.458490
   61.473160   53.412100
   61.589140   53.452280
   61.641790   53.527020
   61.566720   53.641160
   61.219800   53.617910
   61.112650   53.670600
   61.272240   53.774580
   61.322520   54.021550
   61.432080   54.029310
   61.557380   53.920260
   61.701770   53.967830
   61.938210   53.898400
   62.071410   53.906170
   62.086690   53.991580
   62.347900   53.981520
   62.408410   53.893990
   62.516600   53.863450
   62.622180   53.930640
   62.637380   54.025740
   63.092020   54.054010
   63.238510   54.140520
   63.790680   54.216010
   63.974110   54.149770
   64.100450   54.258290
   64.614230   54.325370
   64.755360   54.304400
   64.953910   54.363650
   65.100610   54.283140
   65.235670   54.285470
   65.313120   54.358560
   65.277820   54.498100
   65.511360   54.519450
   65.552750   54.585070
   65.761790   54.557180
   65.909640   54.650840
   66.014840   54.575390
   67.074170   54.730860
   67.328340   54.815380
   67.696720   54.813080
   67.802110   54.843580
   67.862560   54.923860
   68.249010   54.920790
   68.366330   55.068490
   68.304150   55.136470
   68.646940   55.153310
   68.775050   55.316550
   69.028360   55.238110
   69.036740   55.370450
   69.204710   55.280230
   69.379660   55.323590
   69.486280   55.285130
   69.705300   55.299020
   69.933040   55.163940
   70.200630   55.097310
   70.416390   55.166050
   70.466010   55.222370
   70.768520   55.230430
   70.940900   55.058480
   70.911120   54.873170
   70.997740   54.740580
   71.077810   54.652840
   71.175150   54.647350
   71.121510   54.580400
   71.153950   54.376720
   70.949410   54.344940
   70.956040   54.247290
   71.093520   54.088260
   71.169220   54.041680
   71.350580   54.128250
   71.476020   54.048090
   71.732710   54.054680
   71.813810   54.127260
   71.791160   54.191840
   71.968430   54.179190
   72.192420   54.077300
   72.268590   54.182560
   72.364640   54.006270
   72.328210   53.928990
   72.513750   53.857590
   72.576010   53.919390
   72.739670   53.921250
   72.762570   54.022570
   72.719280   54.072080
   72.926420   54.043170
   73.049240   53.938760
   73.399940   53.893620
   73.302870   53.819170
   73.286420   53.727430
   73.206710   53.693270
   73.192410   53.552410
   73.441440   53.385000
   73.709010   53.554620
   73.829590   53.528500
   73.933550   53.593630
   74.052740   53.514300
   74.196470   53.536730
   74.258240   53.452970
   74.407580   53.408880
   74.534810   53.554440
   74.506140   53.626900
   74.659410   53.625070
   74.830880   53.766540
   75.074750   53.748590
   75.473870   53.933470
   75.473890   54.044440
   76.209790   54.208220
   76.279600   54.295520
   76.643820   54.284700
   76.744150   54.343250
   76.799300   54.313500
   76.699810   54.202690
   76.402030   54.199560
   76.387900   54.104260
   76.465030   53.999700
   77.879750   53.242980
   79.043920   52.009020
   80.051730   50.693580
   80.247670   50.848530
   80.519880   50.934120
   80.519890   51.142060
   80.657600   51.161360
   80.707170   51.253520
   81.106980   51.130650
   81.019670   50.916740
   81.359190   50.920060
   81.452080   50.703720
   81.892530   50.746300
   82.166660   50.679760
   82.368270   50.723460
   82.561120   50.694880
   82.735570   50.775020
   82.782880   50.867730
   82.984750   50.833480
   83.168010   50.952850
   83.394280   50.951790
   83.897110   50.767560
   83.931690   50.690450
   84.162140   50.500080
   84.204350   50.273320
   84.310940   50.177010
   84.618490   50.157360
   84.949110   50.023820
   84.943480   49.878410
   85.153540   49.708140
   85.164170   49.606160
   85.239280   49.541030
   85.581580   49.551870
   85.674190   49.499910
   85.884360   49.507140
   85.955510   49.437600
   86.094630   49.471580
   86.211450   49.416430
   86.319240   49.541480
   86.444000   49.563350
   86.581090   49.665930
   86.549020   49.617320
   86.577800   49.539950
   86.773560   49.502900
   86.793230   49.421290
   86.998380   49.213720
   87.235160   49.188280
   87.247550   49.082600
   87.421230   49.021010
   87.715370   49.122980
   88.008450   49.136090
   88.211250   49.263670
   88.238260   49.424320
   88.596510   49.447010
   88.849400   49.390790
   88.920320   49.445880
   88.986100   49.413230
   89.154980   49.451500
   89.259650   49.506350
   89.278950   49.562760
   89.375280   49.535960
   89.755960   49.693430
   89.763400   49.800470
   89.693380   49.885590
   90.001210   49.926670
   90.077090   49.977520
   90.078770   50.030750
   90.292560   50.059980
   90.523890   50.184790
   90.703220   50.171620
   90.772610   50.215120
   90.780550   50.275530
   90.926770   50.301800
   90.971810   50.375440
   91.424400   50.402320
   91.506900   50.506900
   91.673770   50.544360
   91.703580   50.617910
   91.806520   50.672850
   92.084180   50.645180
   92.279330   50.683080
   92.363710   50.797810
   92.435450   50.744180
   92.542590   50.740610
   92.558690   50.683190
   92.633260   50.655100
   92.774160   50.680680
   92.813380   50.755510
   92.969270   50.742610
   92.920140   50.630420
   92.991990   50.558420
   93.116470   50.536370
   93.441480   50.578370
   93.700010   50.533280
   94.239160   50.533190
   94.291630   50.483630
   94.349090   50.187260
   94.457980   50.142740
   94.605360   49.985580
   94.949700   49.997000
   95.024910   49.925010
   95.403100   49.906240
   95.529480   49.853750
   95.800410   49.927780
   95.852030   49.988760
   95.963150   49.921500
   96.061260   49.956820
   96.231830   49.926200
   96.409520   49.822750
   96.528290   49.882440
   96.610400   49.821080
   96.726720   49.869670
   96.940360   49.841570
   97.213710   49.695740
   97.334910   49.703850
   97.518010   49.762730
   97.609120   49.818550
   97.635760   49.893120
   97.737670   49.924750
   97.813430   49.875600
   97.914910   49.881120
   98.105340   49.999530
   98.350580   50.299950
   98.371640   50.528910
   98.077660   50.684340
   98.027490   50.773580
   98.076920   50.891050
   97.904210   51.011840
   98.014360   51.319910
   98.088420   51.404320
   98.256570   51.418600
   98.296320   51.566640
   98.404300   51.683370
   98.788290   51.825350
   98.922300   52.096360
   98.999620   52.020870
   99.198000   51.975170
   99.276980   51.907410
   99.722020   51.854950
   99.857930   51.715930
   100.034000   51.678270
   100.559800   51.684700
   101.128800   51.472830
   101.238300   51.480230
   101.355600   51.404260
   101.514500   51.445020
   101.607500   51.393400
   102.079500   51.319540
   102.084100   51.103500
   102.173000   50.972550
   102.167100   50.807670
   102.263700   50.730780
   102.265900   50.648560
   102.492500   50.543370
   102.637100   50.355830
   102.929100   50.257780
   103.202200   50.275220
   103.218500   50.174730
   103.269200   50.141920
   103.450600   50.159050
   103.720200   50.080420
   103.865500   50.137030
   104.150600   50.095280
   104.420500   50.258970
   104.816000   50.294840
   104.917600   50.356590
   105.135600   50.341570
   105.335800   50.422470
   105.977200   50.366460
   106.068700   50.285090
   106.252200   50.252730
   106.613100   50.286400
   106.957200   50.166390
   107.055300   50.020440
   107.221600   49.940510
   107.867400   49.882970
   107.918800   49.626640
   108.257300   49.488150
   108.319400   49.393700
   108.522800   49.270650
   109.185100   49.300170
   109.560100   49.169050
   110.201600   49.103100
   110.393900   49.180660
   110.675000   49.119850
   110.831800   49.131510
   111.379500   49.300480
   111.535000   49.272530
   111.697800   49.332320
   111.971300   49.332140
   112.483000   49.470660
   112.832900   49.468130
   113.075300   49.568110
   113.249500   49.793610
   114.333900   50.225720
   114.841200   50.167050
   114.975200   50.120790
   115.206700   49.939250
   115.505300   49.855070
   115.756300   49.837350
   116.238200   49.977860
   116.594700   49.880620
   116.692600   49.793240
   117.050500   49.634720
   117.877400   49.459850
   117.941600   49.543230
   118.187100   49.612850
   118.600900   49.873090
   119.096400   49.935560
   119.321000   50.072830
   119.399200   50.175260
   119.427400   50.326670
   119.372800   50.402180
   119.282800   50.414160
   119.340400   50.570320
   119.526600   50.709320
   119.577900   50.879590
   119.797400   51.061880
   119.867900   51.239520
   120.039800   51.428820
   120.095600   51.593870
   120.682900   51.885810
   120.745200   51.960970
   120.829800   52.158320
   120.790000   52.289080
   120.692300   52.345770
   120.776200   52.525160
   120.761300   52.576970
   120.450200   52.695050
   120.088400   52.637440
   120.104900   52.736350
   120.311600   52.820150
   120.890100   53.232890
   121.232600   53.228180
   122.324600   53.440940
   122.435300   53.391690
   122.851400   53.404640
   123.157400   53.450040
   123.272200   53.507850
   123.470000   53.446850
   123.618700   53.486270
   123.860900   53.431110
   124.098300   53.297360
   124.225700   53.319090
   124.417400   53.167870
   124.653800   53.151720
   124.853200   53.050150
   124.924800   53.061990
   124.953800   53.133630
   125.148700   53.150710
   125.493900   52.999040
   125.585700   53.023730
   125.639400   52.965690
   125.602700   52.900620
   125.631400   52.823880
   125.803000   52.838920
   125.943400   52.708690
   125.911600   52.653550
   125.939900   52.569550
   126.122300   52.519820
   126.154500   52.428230
   126.281600   52.382690
   126.271100   52.167470
   126.481500   52.103190
   126.391400   52.045170
   126.407300   51.931780
   126.662300   51.675330
   126.621000   51.591010
   126.748400   51.505340
   126.725600   51.436320
   126.784700   51.371220
   126.758500   51.297610
   126.843100   51.194850
   126.873300   51.031620
   127.083900   50.887110
   127.229700   50.715780
   127.297800   50.579830
   127.236400   50.479530
   127.290900   50.399550
   127.287200   50.301990
   127.545300   50.186890
   127.437700   50.011780
   127.500400   49.770090
   127.615600   49.725480
   127.658300   49.625350
   127.841100   49.522350
   128.180600   49.485040
   128.546500   49.549020
   128.688100   49.514310
   128.749100   49.424390
   128.972700   49.402820
   129.079500   49.301770
   129.218000   49.345290
   129.366800   49.304060
   129.429100   49.385260
   129.475900   49.376810
   129.540800   49.240430
   129.688200   49.240010
   129.892100   48.995760
   130.197900   48.822250
   130.428400   48.851320
   130.559500   48.804900
   130.474800   48.593280
   130.553500   48.546170
   130.590500   48.449900
   130.678700   48.438870
   130.756100   48.303940
   130.618500   48.149730
   130.607400   48.076320
   130.841000   47.883290
   130.967600   47.651130
   131.099600   47.632070
   131.450700   47.690470
   131.596300   47.605110
   131.714100   47.652050
   131.963800   47.611710
   132.330400   47.705020
   132.568000   47.666820
   132.644000   47.711940
   132.732500   47.885530
   132.825800   47.883610
   133.078500   48.052740
   133.553100   48.075530
   133.624000   48.140360
   133.735400   48.144290
   133.786500   48.206550
   134.216900   48.332720
   134.685800   48.350520
   134.493600   47.985760
   134.710200   47.728190
   134.518700   47.520340
   134.298600   47.483920
   134.125500   47.341200
   134.100500   47.248810
   134.169300   47.154260
   134.012900   47.002250
   133.965700   46.691410
   133.797100   46.496690
   133.831500   46.293770
   133.646900   46.185460
   133.667400   46.055800
   133.425400   45.870780
   133.355400   45.626400
   133.150400   45.540890
   133.040300   45.299540
   133.055900   45.149310
   132.934600   45.082320
   132.029300   45.298610
   131.876200   45.392020
   131.739700   45.278290
   131.643300   45.259910
   131.602800   45.128620
   131.442100   45.028410
   131.087900   44.984910
   130.920100   44.883780
   130.917000   44.794060
   131.065400   44.656770
   131.238100   44.080070
   131.185600   43.989940
   131.136100   43.557990
   131.240200   43.414280
   131.148100   43.242030
   131.150200   43.159510
   131.067200   43.087420
   131.051700   42.974330
   130.958200   42.919530
   130.802300   42.931090
   130.542100   42.861990
   130.344200   42.730330
   130.394700   42.660080
   130.558300   42.607700
   130.503900   42.507420
   130.626900   42.280520
   130.898700   42.123960
   133.267500   39.968820
   140.789789   45.836458
   142.586054   45.579449
   145.596308   44.664750
   145.431513   44.138860
   145.195307   43.763164
   145.493316   43.534612
   145.828398   43.384093
   146.051900   43.125950
   180.000000   35.614040
   180.000000   83.831330
   37.279500   83.812150
   31.278480   70.111740
   30.775680   69.823790
   30.885670   69.601340
   30.540620   69.593180
   30.240280   69.702540
   30.079250   69.709960
   30.046040   69.623950
   30.112370   69.572750
   30.010010   69.471970
   29.842880   69.473440
   29.565390   69.371470
   29.285770   69.348840
   29.189160   69.148560
   29.046470   69.070430
   28.908180   69.099880
   28.367580   68.929390
   28.455810   68.836640
   28.688570   68.816500
   28.384120   68.549400
   28.619460   68.153680
   29.292810   68.027930
   29.627450   67.763650
   29.921330   67.637310
   29.888190   67.562830
   29.047710   67.041060
   28.981880   66.935780
   29.071250   66.752760
   29.435440   66.506020
   29.661870   66.232170
   29.891180   66.079740
   30.066950   65.744750
   29.679420   65.664310
   29.736660   65.550090
   29.687790   65.496070
   29.674850   65.369060
   29.569240   65.308610
   29.552850   65.248340
   29.615120   65.184090
   29.782820   65.173320
   29.591190   65.097380
   29.549340   65.003370
   29.564880   64.904440
   29.706820   64.748900
   29.992220   64.740850
   30.026510   64.661960
   29.946330   64.606700
   29.937390   64.529720
   30.005220   64.370300
   30.421640   64.213920
   30.491990   64.103540
   30.229010   63.871500
   29.970200   63.810660
   29.930210   63.728350
   30.460480   63.422660
   30.770990   63.354980
   31.184890   63.181170
   31.242300   63.067280
   31.495680   62.900090
   31.119310   62.489880
   30.619540   62.245580
   29.698590   61.612220
   29.471800   61.535790
   29.207480   61.314010
   28.795810   61.166490
   28.633690   61.006590
   28.492320   60.997970
   27.850710   60.651410
   27.644660   60.462850
   27.642600   60.403440
   27.486200   60.301330
   26.865070   60.166820
   26.390090   59.929850
   26.919140   59.579380
   27.829540   59.531540
   28.126850   59.367570
   27.880140   59.287530
   27.688030   59.011930
   27.309150   58.804120
   27.483620   58.386730
   27.443540   58.205410
   27.558250   58.077960
   27.634870   57.897480
   27.517240   57.872340
   27.266780   57.581190
   27.332970   57.471160
   27.489840   57.481410
   27.484890   57.388020
   27.806670   57.267260
   27.773090   57.186860
   27.669030   57.117640
   27.680450   56.967590
   27.609840   56.822960
   27.647030   56.786080
   27.848290   56.813430
   27.861740   56.716780
   28.129170   56.423500
   28.112730   56.371530
   28.168110   56.285740
   28.102970   56.186800
   28.119910   56.109300
   28.303970   56.009170
   28.583890   56.054500
   28.728570   55.916460
   28.862710   55.905000
   29.062190   55.977830
   29.305750   55.936350
   29.348510   55.920220
   29.311990   55.743290
   29.493950   55.653060
   29.680370   55.736900
   29.814330   55.732450
   29.914700   55.803830
   30.123130   55.780480
   30.237920   55.815320
   30.578090   55.696330
   30.639590   55.598440
   30.753190   55.541510
   30.881510   55.570850
   30.859920   55.410690
   30.786920   55.360410
   30.768850   55.281750
   30.934310   55.091080
   30.781480   54.974790
   30.714760   54.773840
   30.919140   54.695880
   30.972090   54.626200
   31.102480   54.612170
   31.036250   54.495140
   31.187320   54.418460
   31.287320   54.203220
   31.807370   54.028740
   31.793750   53.940190
   31.708970   53.847930
   31.735030   53.752600
   31.899730   53.723870
   32.116600   53.760060
   32.306900   53.706440
   32.443240   53.512200
   32.681100   53.405660
   32.462740   53.347370
   32.417880   53.255500
   32.098600   53.129290
   31.852710   53.162650
   31.811840   53.223460
   31.626670   53.281430
   31.382960   53.259170
   31.283930   53.096750
   31.206690   53.069640
   31.208410   52.988050
   31.530980   52.759240
   31.449930   52.696030
   31.529090   52.560080
   31.487650   52.461690
   31.566660   52.374090
   31.540270   52.296750
   31.755490   52.068220
   31.861930   52.055650
   31.906890   51.993340
   32.094970   51.982660
   32.389920   52.099390
   32.448090   52.271750
   32.691500   52.197980
   32.898630   52.194270
   33.210880   52.320060
   33.548860   52.250970
   33.788610   52.312550
   34.033320   52.122610
   34.012190   52.072520
   34.063140   51.966130
   34.216420   51.840070
   34.357460   51.794040
   34.034530   51.686980
   34.056170   51.622840
   34.217730   51.507590
   34.171010   51.421940
   34.228990   51.346580
   34.192680   51.232310
   34.310970   51.188840
   34.608570   51.192030
   34.700310   51.125260
   35.073280   51.161950
   35.120190   51.042520
   35.278270   51.003440
   35.280670   50.925820
   35.414480   50.738530
   35.350640   50.677810
   35.346060   50.557880
   35.592750   50.311920
   35.741800   50.303800
   35.851550   50.374000
   36.077150   50.395310
   36.275150   50.244840
   36.461620   50.259690
   36.649950   50.166460
   36.889820   50.286790
   37.167520   50.306490
   37.413560   50.381160
   37.572340   50.255000
   37.613310   50.132490
   37.732950   50.032490
   37.881990   49.997180
   38.015550   49.852330
   38.192470   49.896000
   38.288290   50.024190
   38.335800   49.957680
   38.651240   49.905730
   38.925850   49.746570
   39.171340   49.819350
   39.252450   49.715910
   39.547620   49.686040
   39.629400   49.574560
   39.795140   49.507840
   39.994890   49.547610
   39.980360   49.441720
   40.134100   49.318270
   39.897860   49.115490
   39.627630   49.061510
   39.646420   48.951870
   39.754390   48.871570
   39.659660   48.745130
   39.615480   48.589860
   39.667380   48.539530
   39.802320   48.527680
   39.797890   48.458470
   39.855710   48.394240
   39.795210   48.350440
   39.795410   48.288090
   39.887500   48.223990
   39.732310   48.064360
   39.760460   47.971730
   39.715820   47.883970
   38.874020   47.926200
   38.745840   47.842480
   38.724520   47.751580
   38.320550   47.657200
   38.237500   47.563390
   38.246910   47.425090
   38.170560   47.332260
   38.179480   47.113010
   38.235940   46.984680
   38.112270   46.911380
   37.623220   46.882170
   37.415530   46.763220
   36.643030   45.688210
   36.332540   45.722720
   35.996960   45.671790
   35.783230   45.695300
   35.547900   45.577710
   35.252390   45.838800
   34.955220   45.815130
   34.860240   45.850820
   34.834000   45.940330
   34.644870   46.035390
   34.560990   46.046190
   34.486160   45.997910
   34.359450   46.105230
   33.643730   46.281180
   33.571070   46.249870
   33.574180   46.172820
   33.502040   46.056190
   32.763820   45.877990
   32.290080   45.637960
   32.150530   45.418600
   32.242150   45.185560
   32.581960   45.064370
   32.814260   45.084920
   33.196100   44.897180
   33.188070   44.797360
   33.046320   44.632440
   33.084470   44.450730
   33.288420   44.280030
   33.733380   44.134110
   34.257410   44.184160
   34.569840   44.351960
   34.752160   44.533360
   35.194190   44.548240
   35.637920   44.778780
   35.867230   44.741560
   36.321300   44.781400
   36.626970   44.882270
   36.826530   44.863420
   36.993470   44.803670
   37.134410   44.603020
   37.308840   44.500280
   37.729770   44.417960
   38.068190   44.205280
   38.584420   44.077870
   39.095700   43.734590
   39.771810   43.194360
   39.921020   43.189580
   40.149630   43.517660
   40.536190   43.467750
   40.653660   43.501140
   40.928900   43.372160
   41.368080   43.300670
   41.615490   43.172330
   42.048590   43.137250
   42.399620   43.193650
   42.662350   43.082620
   42.734850   43.127400
   42.843020   43.120090
   43.170410   42.888630
   43.546860   42.812640
   43.734020   42.714480
   43.672020   42.660990
   43.677240   42.598530
   43.931970   42.501110
   44.253500   42.580620
   44.330300   42.663460
   44.532250   42.648660
   44.574830   42.695180
   44.691270   42.691160
   44.810520   42.563850
   44.869580   42.586520
   44.923690   42.696550
   45.038210   42.642020
   45.128510   42.654700
   45.323560   42.474830
   45.544350   42.492800
   45.700590   42.429480
   45.688520   42.346320
   45.562840   42.253340
   45.614740   42.146780
   45.772940   42.055020
   45.860650   42.054440
   45.910190   41.984340
   46.205990   41.949200
   46.497830   41.832420
   46.557420   41.758780
   46.722130   41.775760
   46.941970   41.604510
   46.985370   41.517750
   47.103080   41.507380
   47.240510   41.288040
   47.450240   41.211990
END
2
   -180.000000   72.291600
   -180.000000   72.290530
   -180.000000   62.261340
   -172.074188   64.033556
   -168.725284   65.414875
   -168.684085   65.990095
   -169.907891   72.234092
   -180.000000   72.291600
END
3
   22.227270   54.335930
   22.796200   54.359260
   22.740210   54.447440
   22.709300   54.458910
   22.704760   54.508970
   22.688610   54.532170
   22.719560   54.564340
   22.692130   54.585110
   22.754630   54.630050
   22.762750   54.654630
   22.743730   54.665340
   22.743010   54.682160
   22.733210   54.686580
   22.754580   54.704700
   22.748350   54.724380
   22.780260   54.743460
   22.809890   54.742800
   22.819550   54.759590
   22.845560   54.761170
   22.864190   54.773990
   22.863730   54.782340
   22.883510   54.788650
   22.880110   54.803620
   22.892150   54.815460
   22.869360   54.842950
   22.874590   54.855300
   22.848600   54.869000
   22.859170   54.892110
   22.821760   54.917690
   22.796070   54.909690
   22.785640   54.929980
   22.772290   54.929980
   22.769340   54.940470
   22.737760   54.952280
   22.729690   54.967710
   22.695280   54.978190
   22.680430   54.992680
   22.656240   54.986800
   22.651150   54.972600
   22.647820   54.987500
   22.602580   55.027260
   22.591230   55.075750
   22.470570   55.050640
   22.290120   55.071000
   22.160600   55.061650
   22.130610   55.050930
   22.116680   55.033120
   22.076760   55.031070
   22.040900   55.047710
   22.045950   55.079270
   22.033550   55.090010
   21.996220   55.092540
   21.963460   55.080100
   21.920370   55.086580
   21.853470   55.102500
   21.815860   55.125220
   21.725950   55.138580
   21.712470   55.156680
   21.650110   55.186730
   21.569520   55.204090
   21.502560   55.193290
   21.452610   55.227050
   21.435050   55.256760
   21.385770   55.299450
   21.271840   55.251580
   21.099340   55.262350
   20.954390   55.286940
   20.653650   55.389900
   20.397930   55.186330
   20.201310   55.166150
   19.920500   55.164010
   19.821980   55.145690
   19.727750   55.106610
   19.634880   55.025330
   19.589180   54.954610
   19.573510   54.869180
   19.584610   54.772620
   19.508580   54.683550
   19.408370   54.611690
   19.647330   54.447270
   20.331360   54.395110
   20.583910   54.371890
   20.630830   54.360400
   20.740680   54.363260
   21.261160   54.323140
   21.378270   54.325010
   21.446290   54.312820
   22.227270   54.335930
END
END
