none
1
   2.189009E+01   4.229648E+01
   2.184992E+01   4.231502E+01
   2.176495E+01   4.225470E+01
   2.173199E+01   4.225698E+01
   2.169765E+01   4.222979E+01
   2.159912E+01   4.225279E+01
   2.158402E+01   4.226003E+01
   2.152093E+01   4.232790E+01
   2.153123E+01   4.237047E+01
   2.154007E+01   4.237529E+01
   2.155234E+01   4.236698E+01
   2.157784E+01   4.238023E+01
   2.159346E+01   4.238518E+01
   2.161955E+01   4.239075E+01
   2.163998E+01   4.241231E+01
   2.161921E+01   4.245184E+01
   2.162659E+01   4.245994E+01
   2.169542E+01   4.252323E+01
   2.168907E+01   4.254170E+01
   2.170521E+01   4.255257E+01
   2.173233E+01   4.255409E+01
   2.174091E+01   4.256573E+01
   2.172787E+01   4.260314E+01
   2.175430E+01   4.264002E+01
   2.178108E+01   4.265366E+01
   2.174675E+01   4.269480E+01
   2.168323E+01   4.268471E+01
   2.166710E+01   4.266552E+01
   2.165337E+01   4.266439E+01
   2.162865E+01   4.269304E+01
   2.158058E+01   4.269859E+01
   2.158539E+01   4.272180E+01
   2.153904E+01   4.272129E+01
   2.146763E+01   4.273466E+01
   2.138832E+01   4.274260E+01
   2.138506E+01   4.275848E+01
   2.141321E+01   4.282134E+01
   2.142591E+01   4.287206E+01
   2.139175E+01   4.286364E+01
   2.135828E+01   4.286967E+01
   2.132137E+01   4.289923E+01
   2.127159E+01   4.289206E+01
   2.124172E+01   4.293330E+01
   2.123039E+01   4.295466E+01
   2.123297E+01   4.300741E+01
   2.120670E+01   4.301996E+01
   2.119640E+01   4.300615E+01
   2.116962E+01   4.299561E+01
   2.115005E+01   4.303000E+01
   2.113461E+01   4.309597E+01
   2.109890E+01   4.311427E+01
   2.105083E+01   4.310524E+01
   2.096260E+01   4.312204E+01
   2.082493E+01   4.317464E+01
   2.083969E+01   4.321018E+01
   2.087643E+01   4.321018E+01
   2.082218E+01   4.326296E+01
   2.079334E+01   4.323745E+01
   2.072983E+01   4.324220E+01
   2.071120E+01   4.322657E+01
   2.068820E+01   4.321262E+01
   2.067352E+01   4.320493E+01
   2.060657E+01   4.320242E+01
   2.062168E+01   4.317814E+01
   2.066151E+01   4.315636E+01
   2.069927E+01   4.311602E+01
   2.069893E+01   4.309045E+01
   2.067387E+01   4.303377E+01
   2.064400E+01   4.300490E+01
   2.061825E+01   4.299862E+01
   2.059250E+01   4.301092E+01
   2.055757E+01   4.297401E+01
   2.055070E+01   4.295737E+01
   2.053825E+01   4.296208E+01
   2.053345E+01   4.297282E+01
   2.051731E+01   4.296867E+01
   2.049328E+01   4.293205E+01
   2.054787E+01   4.288376E+01
   2.048856E+01   4.286206E+01
   2.044418E+01   4.282965E+01
   2.034960E+01   4.283016E+01
   2.033964E+01   4.286842E+01
   2.034531E+01   4.290414E+01
   2.033449E+01   4.290590E+01
   2.023819E+01   4.294009E+01
   2.019692E+01   4.295669E+01
   2.014466E+01   4.297568E+01
   2.012336E+01   4.296113E+01
   2.009230E+01   4.297065E+01
   2.005701E+01   4.299426E+01
   2.004357E+01   4.302455E+01
   1.998651E+01   4.305048E+01
   1.996491E+01   4.308444E+01
   1.996600E+01   4.310915E+01
   1.991718E+01   4.308143E+01
   1.986723E+01   4.310487E+01
   1.984200E+01   4.309171E+01
   1.983376E+01   4.309258E+01
   1.981007E+01   4.311326E+01
   1.978329E+01   4.312467E+01
   1.977264E+01   4.313832E+01
   1.976973E+01   4.316112E+01
   1.974106E+01   4.315636E+01
   1.973059E+01   4.316900E+01
   1.968407E+01   4.316550E+01
   1.963823E+01   4.318753E+01
   1.961506E+01   4.322694E+01
   1.954090E+01   4.324295E+01
   1.952236E+01   4.328146E+01
   1.952888E+01   4.330844E+01
   1.948254E+01   4.332268E+01
   1.944889E+01   4.334990E+01
   1.944237E+01   4.338484E+01
   1.938658E+01   4.339519E+01
   1.925062E+01   4.345990E+01
   1.921907E+01   4.347855E+01
   1.921937E+01   4.352989E+01
   1.924307E+01   4.353237E+01
   1.924229E+01   4.361544E+01
   1.929379E+01   4.360104E+01
   1.933559E+01   4.359059E+01
   1.935637E+01   4.360892E+01
   1.936943E+01   4.361241E+01
   1.941507E+01   4.358064E+01
   1.944357E+01   4.358313E+01
   1.948004E+01   4.357860E+01
   1.950296E+01   4.358586E+01
   1.948906E+01   4.359643E+01
   1.949009E+01   4.360115E+01
   1.949721E+01   4.361567E+01
   1.949073E+01   4.361896E+01
   1.948554E+01   4.363179E+01
   1.946932E+01   4.368190E+01
   1.951470E+01   4.370858E+01
   1.947757E+01   4.373278E+01
   1.945896E+01   4.376279E+01
   1.942842E+01   4.377562E+01
   1.939201E+01   4.379743E+01
   1.931167E+01   4.388295E+01
   1.924075E+01   4.395484E+01
   1.922397E+01   4.402792E+01
   1.935928E+01   4.398256E+01
   1.936323E+01   4.397528E+01
   1.939151E+01   4.396197E+01
   1.940055E+01   4.397067E+01
   1.945447E+01   4.396036E+01
   1.948618E+01   4.395631E+01
   1.952537E+01   4.395674E+01
   1.953652E+01   4.397305E+01
   1.954665E+01   4.398003E+01
   1.956352E+01   4.398577E+01
   1.956176E+01   4.400066E+01
   1.959034E+01   4.400448E+01
   1.959523E+01   4.401026E+01
   1.961819E+01   4.401470E+01
   1.962094E+01   4.402118E+01
   1.961163E+01   4.403488E+01
   1.962210E+01   4.404953E+01
   1.961034E+01   4.404781E+01
   1.960347E+01   4.404929E+01
   1.959789E+01   4.406958E+01
   1.958519E+01   4.406835E+01
   1.958356E+01   4.404420E+01
   1.957262E+01   4.404531E+01
   1.954983E+01   4.407069E+01
   1.950829E+01   4.408056E+01
   1.949266E+01   4.410102E+01
   1.948906E+01   4.411446E+01
   1.947086E+01   4.411680E+01
   1.946597E+01   4.412647E+01
   1.948039E+01   4.413966E+01
   1.947953E+01   4.414489E+01
   1.947043E+01   4.414871E+01
   1.944906E+01   4.412912E+01
   1.942941E+01   4.413467E+01
   1.941885E+01   4.414341E+01
   1.940074E+01   4.416842E+01
   1.935422E+01   4.418399E+01
   1.935362E+01   4.420177E+01
   1.935800E+01   4.420873E+01
   1.935388E+01   4.421180E+01
   1.934426E+01   4.421568E+01
   1.933980E+01   4.422220E+01
   1.934572E+01   4.423278E+01
   1.933783E+01   4.424434E+01
   1.932838E+01   4.424975E+01
   1.932504E+01   4.426991E+01
   1.929920E+01   4.426831E+01
   1.927852E+01   4.427354E+01
   1.925672E+01   4.426241E+01
   1.924187E+01   4.426002E+01
   1.922719E+01   4.426321E+01
   1.922024E+01   4.426764E+01
   1.921337E+01   4.428687E+01
   1.919603E+01   4.428706E+01
   1.917990E+01   4.427575E+01
   1.916393E+01   4.428208E+01
   1.914943E+01   4.430131E+01
   1.912874E+01   4.431814E+01
   1.912900E+01   4.433717E+01
   1.911535E+01   4.433907E+01
   1.910076E+01   4.437234E+01
   1.910634E+01   4.439558E+01
   1.911827E+01   4.440405E+01
   1.914316E+01   4.441282E+01
   1.914496E+01   4.443819E+01
   1.913415E+01   4.445553E+01
   1.913252E+01   4.447654E+01
   1.911750E+01   4.450287E+01
   1.912685E+01   4.452331E+01
   1.913398E+01   4.452815E+01
   1.916402E+01   4.452711E+01
   1.917715E+01   4.454106E+01
   1.918582E+01   4.454803E+01
   1.917990E+01   4.456320E+01
   1.918170E+01   4.457628E+01
   1.921680E+01   4.460972E+01
   1.920951E+01   4.461882E+01
   1.925843E+01   4.466316E+01
   1.928916E+01   4.469416E+01
   1.929851E+01   4.471362E+01
   1.929937E+01   4.473119E+01
   1.930804E+01   4.474295E+01
   1.929199E+01   4.478415E+01
   1.931568E+01   4.482471E+01
   1.935997E+01   4.487740E+01
   1.931036E+01   4.490124E+01
   1.927620E+01   4.490161E+01
   1.921869E+01   4.489285E+01
   1.920582E+01   4.489650E+01
   1.919569E+01   4.491522E+01
   1.917784E+01   4.491908E+01
   1.911991E+01   4.488326E+01
   1.906471E+01   4.485794E+01
   1.901630E+01   4.485185E+01
   1.897739E+01   4.490997E+01
   1.903006E+01   4.492903E+01
   1.906849E+01   4.490525E+01
   1.910351E+01   4.496480E+01
   1.903965E+01   4.497548E+01
   1.909012E+01   4.500462E+01
   1.909183E+01   4.505388E+01
   1.907227E+01   4.511496E+01
   1.908050E+01   4.515202E+01
   1.914230E+01   4.513652E+01
   1.918728E+01   4.517720E+01
   1.915123E+01   4.519414E+01
   1.917423E+01   4.520913E+01
   1.926762E+01   4.518301E+01
   1.927654E+01   4.521228E+01
   1.932255E+01   4.521059E+01
   1.934418E+01   4.517841E+01
   1.941078E+01   4.517647E+01
   1.943790E+01   4.519801E+01
   1.941559E+01   4.522800E+01
   1.933147E+01   4.522800E+01
   1.925148E+01   4.523960E+01
   1.915569E+01   4.526861E+01
   1.909671E+01   4.529394E+01
   1.902214E+01   4.534225E+01
   1.896618E+01   4.537530E+01
   1.896515E+01   4.538977E+01
   1.898952E+01   4.540616E+01
   1.898197E+01   4.545218E+01
   1.898901E+01   4.548698E+01
   1.900240E+01   4.549889E+01
   1.908514E+01   4.549600E+01
   1.908651E+01   4.551862E+01
   1.906128E+01   4.552860E+01
   1.893871E+01   4.553124E+01
   1.887966E+01   4.556406E+01
   1.889511E+01   4.561908E+01
   1.895107E+01   4.567380E+01
   1.890575E+01   4.569611E+01
   1.883915E+01   4.577471E+01
   1.883469E+01   4.581205E+01
   1.885408E+01   4.584315E+01
   1.885391E+01   4.585391E+01
   1.882610E+01   4.586587E+01
   1.880894E+01   4.591533E+01
   1.890438E+01   4.593850E+01
   1.899261E+01   4.593516E+01
   1.899914E+01   4.596237E+01
   1.906746E+01   4.597263E+01
   1.905888E+01   4.600173E+01
   1.910042E+01   4.604274E+01
   1.913441E+01   4.604035E+01
   1.922916E+01   4.600269E+01
   1.936340E+01   4.605560E+01
   1.941044E+01   4.605322E+01
   1.947032E+01   4.610399E+01
   1.951447E+01   4.611799E+01
   1.950005E+01   4.614369E+01
   1.956648E+01   4.618185E+01
   1.963085E+01   4.617103E+01
   1.966021E+01   4.619207E+01
   1.969969E+01   4.619017E+01
   1.974157E+01   4.616866E+01
   1.981865E+01   4.613096E+01
   1.985264E+01   4.615189E+01
   1.993469E+01   4.617876E+01
   2.001675E+01   4.617793E+01
   2.006207E+01   4.615047E+01
   2.009884E+01   4.618291E+01
   2.014437E+01   4.614556E+01
   2.018103E+01   4.616062E+01
   2.026446E+01   4.612830E+01
   2.028490E+01   4.611892E+01
   2.034767E+01   4.604836E+01
   2.040642E+01   4.596786E+01
   2.044933E+01   4.597335E+01
   2.048538E+01   4.595592E+01
   2.051250E+01   4.590315E+01
   2.057190E+01   4.591271E+01
   2.058598E+01   4.587639E+01
   2.061413E+01   4.586706E+01
   2.066391E+01   4.583024E+01
   2.068368E+01   4.579973E+01
   2.070433E+01   4.575733E+01
   2.077164E+01   4.575703E+01
   2.078236E+01   4.578812E+01
   2.082458E+01   4.577638E+01
   2.081909E+01   4.574920E+01
   2.080166E+01   4.558765E+01
   2.084024E+01   4.553552E+01
   2.077636E+01   4.548504E+01
   2.083596E+01   4.548251E+01
   2.086784E+01   4.546735E+01
   2.088201E+01   4.545363E+01
   2.088235E+01   4.544598E+01
   2.086965E+01   4.543080E+01
   2.092192E+01   4.541821E+01
   2.099491E+01   4.534824E+01
   2.106800E+01   4.533429E+01
   2.109985E+01   4.530133E+01
   2.118370E+01   4.533718E+01
   2.119434E+01   4.529421E+01
   2.123805E+01   4.525196E+01
   2.140500E+01   4.523261E+01
   2.148445E+01   4.519583E+01
   2.153458E+01   4.516195E+01
   2.153458E+01   4.513677E+01
   2.148651E+01   4.509219E+01
   2.146042E+01   4.503763E+01
   2.136662E+01   4.502009E+01
   2.142056E+01   4.498553E+01
   2.155160E+01   4.493448E+01
   2.156926E+01   4.488523E+01
   2.148823E+01   4.486609E+01
   2.143810E+01   4.486487E+01
   2.136772E+01   4.486268E+01
   2.137313E+01   4.482587E+01
   2.140056E+01   4.478468E+01
   2.155689E+01   4.477526E+01
   2.159225E+01   4.476307E+01
   2.161285E+01   4.473478E+01
   2.162630E+01   4.467466E+01
   2.178829E+01   4.466621E+01
   2.199720E+01   4.463617E+01
   2.203377E+01   4.458729E+01
   2.208745E+01   4.450402E+01
   2.213476E+01   4.447700E+01
   2.217625E+01   4.448328E+01
   2.222362E+01   4.456259E+01
   2.227238E+01   4.462860E+01
   2.232920E+01   4.467952E+01
   2.238377E+01   4.468037E+01
   2.242853E+01   4.471335E+01
   2.247028E+01   4.471969E+01
   2.250790E+01   4.469441E+01
   2.260094E+01   4.462481E+01
   2.262978E+01   4.461626E+01
   2.268110E+01   4.462298E+01
   2.275953E+01   4.456616E+01
   2.277130E+01   4.454147E+01
   2.276019E+01   4.453550E+01
   2.269356E+01   4.451118E+01
   2.263383E+01   4.454405E+01
   2.260574E+01   4.455023E+01
   2.258017E+01   4.454510E+01
   2.256602E+01   4.453142E+01
   2.256231E+01   4.449859E+01
   2.255922E+01   4.448328E+01
   2.252472E+01   4.446907E+01
   2.246927E+01   4.447826E+01
   2.246344E+01   4.446258E+01
   2.249554E+01   4.442716E+01
   2.250395E+01   4.442054E+01
   2.250807E+01   4.437884E+01
   2.252970E+01   4.434104E+01
   2.256111E+01   4.431415E+01
   2.257450E+01   4.430493E+01
   2.265329E+01   4.429658E+01
   2.269121E+01   4.427774E+01
   2.269106E+01   4.425073E+01
   2.267681E+01   4.423290E+01
   2.267921E+01   4.421556E+01
   2.267046E+01   4.420768E+01
   2.263887E+01   4.419020E+01
   2.264419E+01   4.418885E+01
   2.264368E+01   4.418503E+01
   2.262986E+01   4.415893E+01
   2.262875E+01   4.414717E+01
   2.261287E+01   4.410602E+01
   2.262205E+01   4.409831E+01
   2.262692E+01   4.406282E+01
   2.258223E+01   4.405293E+01
   2.255050E+01   4.405273E+01
   2.253942E+01   4.401801E+01
   2.241348E+01   4.400356E+01
   2.242052E+01   4.399244E+01
   2.241074E+01   4.393783E+01
   2.239082E+01   4.392634E+01
   2.239941E+01   4.391360E+01
   2.238275E+01   4.384691E+01
   2.236113E+01   4.381248E+01
   2.240490E+01   4.376018E+01
   2.241073E+01   4.370025E+01
   2.248292E+01   4.365755E+01
   2.249594E+01   4.363773E+01
   2.250061E+01   4.358088E+01
   2.251192E+01   4.351631E+01
   2.255422E+01   4.346375E+01
   2.257666E+01   4.346540E+01
   2.261025E+01   4.343402E+01
   2.265692E+01   4.343525E+01
   2.267761E+01   4.339960E+01
   2.273946E+01   4.339911E+01
   2.283183E+01   4.333380E+01
   2.285424E+01   4.328665E+01
   2.294218E+01   4.320867E+01
   2.299038E+01   4.320743E+01
   2.301035E+01   4.319254E+01
   2.299542E+01   4.312792E+01
   2.298512E+01   4.310900E+01
   2.295053E+01   4.308904E+01
   2.292486E+01   4.307955E+01
   2.289997E+01   4.303464E+01
   2.286392E+01   4.301984E+01
   2.284899E+01   4.300088E+01
   2.279032E+01   4.298153E+01
   2.278602E+01   4.295199E+01
   2.277831E+01   4.291800E+01
   2.274986E+01   4.288609E+01
   2.270591E+01   4.287733E+01
   2.267719E+01   4.286328E+01
   2.263811E+01   4.287720E+01
   2.261683E+01   4.289293E+01
   2.257656E+01   4.286011E+01
   2.253646E+01   4.287770E+01
   2.251536E+01   4.285464E+01
   2.247683E+01   4.283154E+01
   2.244267E+01   4.282216E+01
   2.244927E+01   4.280261E+01
   2.245039E+01   4.279688E+01
   2.245601E+01   4.279409E+01
   2.246447E+01   4.277739E+01
   2.250927E+01   4.274336E+01
   2.249828E+01   4.272173E+01
   2.246884E+01   4.268830E+01
   2.248180E+01   4.267650E+01
   2.244950E+01   4.257169E+01
   2.247615E+01   4.256361E+01
   2.257016E+01   4.249507E+01
   2.255093E+01   4.245049E+01
   2.252479E+01   4.238891E+01
   2.249018E+01   4.239212E+01
   2.245680E+01   4.232594E+01
   2.243211E+01   4.231954E+01
   2.241434E+01   4.232708E+01
   2.235718E+01   4.230499E+01
   2.227650E+01   4.235017E+01
   2.217384E+01   4.230905E+01
   2.203102E+01   4.228874E+01
   2.195412E+01   4.233038E+01
   2.192493E+01   4.229661E+01
   2.189009E+01   4.229648E+01
END
END
