none
1
   1.794961E+01   4.774050E+01
   1.778227E+01   4.773420E+01
   1.776177E+01   4.774450E+01
   1.770966E+01   4.775087E+01
   1.760624E+01   4.781728E+01
   1.756419E+01   4.781132E+01
   1.752297E+01   4.786195E+01
   1.749633E+01   4.786274E+01
   1.745137E+01   4.788096E+01
   1.742868E+01   4.791761E+01
   1.732578E+01   4.798303E+01
   1.726175E+01   4.799142E+01
   1.722158E+01   4.801347E+01
   1.716107E+01   4.800388E+01
   1.709018E+01   4.801795E+01
   1.706486E+01   4.803057E+01
   1.706820E+01   4.808204E+01
   1.708511E+01   4.809620E+01
   1.705799E+01   4.812199E+01
   1.705537E+01   4.813722E+01
   1.702520E+01   4.813837E+01
   1.697353E+01   4.817187E+01
   1.695834E+01   4.821936E+01
   1.694221E+01   4.823491E+01
   1.695105E+01   4.826308E+01
   1.692006E+01   4.827108E+01
   1.689955E+01   4.829513E+01
   1.689079E+01   4.831254E+01
   1.690358E+01   4.832419E+01
   1.684101E+01   4.834821E+01
   1.683071E+01   4.838424E+01
   1.684546E+01   4.838678E+01
   1.684813E+01   4.840875E+01
   1.685268E+01   4.841741E+01
   1.684719E+01   4.844879E+01
   1.686264E+01   4.846604E+01
   1.689470E+01   4.849886E+01
   1.690908E+01   4.850259E+01
   1.691474E+01   4.852138E+01
   1.693336E+01   4.852291E+01
   1.694496E+01   4.853713E+01
   1.693093E+01   4.856972E+01
   1.693139E+01   4.860108E+01
   1.693680E+01   4.861787E+01
   1.696456E+01   4.864713E+01
   1.696160E+01   4.866495E+01
   1.699422E+01   4.870954E+01
   1.701259E+01   4.872964E+01
   1.704055E+01   4.876856E+01
   1.707819E+01   4.878548E+01
   1.710760E+01   4.883201E+01
   1.714846E+01   4.884664E+01
   1.719841E+01   4.888047E+01
   1.724450E+01   4.886906E+01
   1.727703E+01   4.886217E+01
   1.732102E+01   4.884773E+01
   1.739593E+01   4.881878E+01
   1.745101E+01   4.885088E+01
   1.747968E+01   4.884450E+01
   1.750774E+01   4.882444E+01
   1.752036E+01   4.883190E+01
   1.752371E+01   4.881472E+01
   1.754386E+01   4.882982E+01
   1.759946E+01   4.884529E+01
   1.761556E+01   4.884674E+01
   1.763172E+01   4.885972E+01
   1.770179E+01   4.886575E+01
   1.777948E+01   4.892831E+01
   1.788137E+01   4.893208E+01
   1.790162E+01   4.898455E+01
   1.790814E+01   4.900815E+01
   1.792334E+01   4.902442E+01
   1.799106E+01   4.903349E+01
   1.802264E+01   4.902622E+01
   1.806609E+01   4.904103E+01
   1.808632E+01   4.906014E+01
   1.808819E+01   4.907117E+01
   1.811054E+01   4.909254E+01
   1.810527E+01   4.911375E+01
   1.811174E+01   4.912305E+01
   1.810190E+01   4.913538E+01
   1.812827E+01   4.916289E+01
   1.812615E+01   4.919052E+01
   1.814925E+01   4.922436E+01
   1.813948E+01   4.922837E+01
   1.814254E+01   4.925026E+01
   1.817959E+01   4.927333E+01
   1.818069E+01   4.929064E+01
   1.829616E+01   4.930935E+01
   1.837568E+01   4.933463E+01
   1.840956E+01   4.936989E+01
   1.840034E+01   4.940044E+01
   1.844448E+01   4.939830E+01
   1.847261E+01   4.941283E+01
   1.848656E+01   4.943684E+01
   1.853965E+01   4.946979E+01
   1.852773E+01   4.949106E+01
   1.856326E+01   4.951155E+01
   1.859790E+01   4.951519E+01
   1.860747E+01   4.950149E+01
   1.861792E+01   4.950015E+01
   1.867857E+01   4.951257E+01
   1.874441E+01   4.949369E+01
   1.881109E+01   4.952121E+01
   1.894251E+01   4.952383E+01
   1.897758E+01   4.950397E+01
   1.896823E+01   4.948511E+01
   1.897520E+01   4.947689E+01
   1.899402E+01   4.943147E+01
   1.898031E+01   4.940163E+01
   1.903426E+01   4.940068E+01
   1.905100E+01   4.941921E+01
   1.907231E+01   4.942295E+01
   1.909358E+01   4.942051E+01
   1.915707E+01   4.940969E+01
   1.919649E+01   4.945270E+01
   1.922106E+01   4.945739E+01
   1.921549E+01   4.947394E+01
   1.923094E+01   4.949885E+01
   1.922876E+01   4.951258E+01
   1.925824E+01   4.953557E+01
   1.936044E+01   4.954080E+01
   1.936863E+01   4.957163E+01
   1.939806E+01   4.957900E+01
   1.940793E+01   4.959673E+01
   1.943756E+01   4.960235E+01
   1.944441E+01   4.961796E+01
   1.946846E+01   4.961860E+01
   1.948168E+01   4.959196E+01
   1.953309E+01   4.957624E+01
   1.953422E+01   4.953970E+01
   1.957778E+01   4.946858E+01
   1.961367E+01   4.945243E+01
   1.964488E+01   4.946085E+01
   1.965359E+01   4.943546E+01
   1.964178E+01   4.941572E+01
   1.970130E+01   4.940444E+01
   1.972092E+01   4.939351E+01
   1.974464E+01   4.941266E+01
   1.979462E+01   4.941364E+01
   1.979724E+01   4.938120E+01
   1.980865E+01   4.936662E+01
   1.980062E+01   4.934647E+01
   1.980996E+01   4.932305E+01
   1.981319E+01   4.929914E+01
   1.982773E+01   4.927593E+01
   1.979707E+01   4.926440E+01
   1.976663E+01   4.921176E+01
   1.989684E+01   4.921708E+01
   1.990077E+01   4.923525E+01
   1.993302E+01   4.924139E+01
   1.998306E+01   4.923655E+01
   2.001128E+01   4.922429E+01
   2.002261E+01   4.920634E+01
   2.007708E+01   4.918359E+01
   2.008244E+01   4.920922E+01
   2.009646E+01   4.925262E+01
   2.012064E+01   4.927438E+01
   2.013021E+01   4.930515E+01
   2.014438E+01   4.932009E+01
   2.022043E+01   4.935677E+01
   2.031878E+01   4.935509E+01
   2.031249E+01   4.939160E+01
   2.032230E+01   4.940581E+01
   2.035994E+01   4.940109E+01
   2.037822E+01   4.941301E+01
   2.038792E+01   4.939383E+01
   2.040899E+01   4.939536E+01
   2.041509E+01   4.940662E+01
   2.043102E+01   4.942242E+01
   2.047440E+01   4.941818E+01
   2.050727E+01   4.940539E+01
   2.051465E+01   4.939556E+01
   2.057304E+01   4.938201E+01
   2.059642E+01   4.939203E+01
   2.061374E+01   4.942270E+01
   2.064684E+01   4.940578E+01
   2.069076E+01   4.942468E+01
   2.072412E+01   4.942451E+01
   2.074560E+01   4.941948E+01
   2.076347E+01   4.940142E+01
   2.075146E+01   4.939025E+01
   2.076347E+01   4.938561E+01
   2.076373E+01   4.937410E+01
   2.078922E+01   4.937846E+01
   2.079326E+01   4.936499E+01
   2.080991E+01   4.936315E+01
   2.083248E+01   4.933894E+01
   2.086475E+01   4.935398E+01
   2.088695E+01   4.932792E+01
   2.090811E+01   4.932687E+01
   2.091528E+01   4.931008E+01
   2.092943E+01   4.930176E+01
   2.096194E+01   4.931355E+01
   2.098718E+01   4.931349E+01
   2.098538E+01   4.933183E+01
   2.104017E+01   4.936928E+01
   2.109179E+01   4.937009E+01
   2.109630E+01   4.937587E+01
   2.105079E+01   4.940068E+01
   2.104318E+01   4.942079E+01
   2.109530E+01   4.943440E+01
   2.111051E+01   4.942948E+01
   2.112338E+01   4.944154E+01
   2.115400E+01   4.943164E+01
   2.119082E+01   4.940630E+01
   2.120602E+01   4.940841E+01
   2.122119E+01   4.941947E+01
   2.122107E+01   4.943239E+01
   2.127732E+01   4.946594E+01
   2.130740E+01   4.945346E+01
   2.134597E+01   4.945526E+01
   2.137525E+01   4.943792E+01
   2.140208E+01   4.943862E+01
   2.143429E+01   4.941759E+01
   2.147256E+01   4.941870E+01
   2.149205E+01   4.943445E+01
   2.151355E+01   4.942432E+01
   2.152897E+01   4.943991E+01
   2.163125E+01   4.945230E+01
   2.168170E+01   4.941590E+01
   2.169995E+01   4.942348E+01
   2.172446E+01   4.941645E+01
   2.176716E+01   4.938675E+01
   2.177969E+01   4.936088E+01
   2.180080E+01   4.938667E+01
   2.183841E+01   4.939667E+01
   2.187760E+01   4.937815E+01
   2.190422E+01   4.935722E+01
   2.196431E+01   4.935296E+01
   2.203858E+01   4.928060E+01
   2.204685E+01   4.925773E+01
   2.204020E+01   4.922584E+01
   2.214698E+01   4.920167E+01
   2.219133E+01   4.917935E+01
   2.220951E+01   4.918771E+01
   2.222796E+01   4.918541E+01
   2.223929E+01   4.917163E+01
   2.223196E+01   4.915893E+01
   2.228310E+01   4.914717E+01
   2.231817E+01   4.914100E+01
   2.233404E+01   4.915144E+01
   2.236872E+01   4.915138E+01
   2.241640E+01   4.911229E+01
   2.253921E+01   4.909969E+01
   2.257051E+01   4.908936E+01
   2.254964E+01   4.900396E+01
   2.249099E+01   4.898554E+01
   2.243653E+01   4.891881E+01
   2.242493E+01   4.888135E+01
   2.238819E+01   4.886298E+01
   2.239241E+01   4.879852E+01
   2.235369E+01   4.868469E+01
   2.225466E+01   4.864311E+01
   2.224378E+01   4.862393E+01
   2.219363E+01   4.860431E+01
   2.216590E+01   4.856596E+01
   2.214271E+01   4.841727E+01
   2.216508E+01   4.840332E+01
   2.213717E+01   4.837568E+01
   2.208629E+01   4.836659E+01
   2.205181E+01   4.837608E+01
   2.202782E+01   4.838605E+01
   2.193509E+01   4.836006E+01
   2.184290E+01   4.834645E+01
   2.183773E+01   4.832556E+01
   2.176374E+01   4.833640E+01
   2.171914E+01   4.834920E+01
   2.166289E+01   4.839166E+01
   2.166289E+01   4.840946E+01
   2.162358E+01   4.845368E+01
   2.160891E+01   4.850363E+01
   2.152562E+01   4.850119E+01
   2.151240E+01   4.854577E+01
   2.143873E+01   4.857965E+01
   2.142643E+01   4.856169E+01
   2.141693E+01   4.855418E+01
   2.133186E+01   4.855430E+01
   2.130670E+01   4.851740E+01
   2.122246E+01   4.853193E+01
   2.113495E+01   4.848714E+01
   2.109289E+01   4.848817E+01
   2.108757E+01   4.851251E+01
   2.101505E+01   4.852691E+01
   2.098193E+01   4.851278E+01
   2.095488E+01   4.851684E+01
   2.093195E+01   4.853412E+01
   2.091877E+01   4.855464E+01
   2.086669E+01   4.854704E+01
   2.083039E+01   4.857644E+01
   2.072607E+01   4.856097E+01
   2.066210E+01   4.855502E+01
   2.058725E+01   4.853080E+01
   2.051423E+01   4.852255E+01
   2.051148E+01   4.848998E+01
   2.047309E+01   4.844858E+01
   2.045457E+01   4.844400E+01
   2.041400E+01   4.836309E+01
   2.036888E+01   4.831278E+01
   2.034120E+01   4.829670E+01
   2.032867E+01   4.826877E+01
   2.028654E+01   4.825665E+01
   2.024086E+01   4.827517E+01
   2.021693E+01   4.824373E+01
   2.015099E+01   4.824718E+01
   2.013813E+01   4.822223E+01
   2.007595E+01   4.817558E+01
   2.004993E+01   4.816222E+01
   2.002840E+01   4.817218E+01
   1.995635E+01   4.814849E+01
   1.993888E+01   4.812635E+01
   1.989589E+01   4.812052E+01
   1.989881E+01   4.815922E+01
   1.985303E+01   4.816730E+01
   1.984440E+01   4.815647E+01
   1.981813E+01   4.816677E+01
   1.980890E+01   4.814977E+01
   1.979275E+01   4.814897E+01
   1.977742E+01   4.816528E+01
   1.977859E+01   4.819957E+01
   1.968947E+01   4.819921E+01
   1.962862E+01   4.824468E+01
   1.957974E+01   4.821155E+01
   1.953288E+01   4.820040E+01
   1.953319E+01   4.818769E+01
   1.951367E+01   4.817205E+01
   1.951777E+01   4.815376E+01
   1.950114E+01   4.813701E+01
   1.949764E+01   4.811007E+01
   1.946417E+01   4.807510E+01
   1.944580E+01   4.809356E+01
   1.940048E+01   4.808026E+01
   1.929920E+01   4.808519E+01
   1.928083E+01   4.807223E+01
   1.925810E+01   4.806712E+01
   1.924200E+01   4.804869E+01
   1.913530E+01   4.806898E+01
   1.910685E+01   4.806259E+01
   1.908543E+01   4.806788E+01
   1.905831E+01   4.805236E+01
   1.901568E+01   4.806928E+01
   1.898215E+01   4.804863E+01
   1.893859E+01   4.805367E+01
   1.883544E+01   4.804225E+01
   1.882158E+01   4.801971E+01
   1.882625E+01   4.800581E+01
   1.881924E+01   4.798987E+01
   1.876046E+01   4.797448E+01
   1.878173E+01   4.795548E+01
   1.877865E+01   4.793040E+01
   1.876370E+01   4.791829E+01
   1.876440E+01   4.789876E+01
   1.876863E+01   4.787710E+01
   1.881602E+01   4.785991E+01
   1.883349E+01   4.783709E+01
   1.886129E+01   4.782952E+01
   1.885030E+01   4.781204E+01
   1.879226E+01   4.781809E+01
   1.873856E+01   4.780854E+01
   1.872997E+01   4.778433E+01
   1.864610E+01   4.775409E+01
   1.855042E+01   4.776194E+01
   1.851625E+01   4.775237E+01
   1.848707E+01   4.774971E+01
   1.845446E+01   4.776310E+01
   1.843660E+01   4.775560E+01
   1.829591E+01   4.772646E+01
   1.817791E+01   4.773725E+01
   1.808830E+01   4.775341E+01
   1.803472E+01   4.775227E+01
   1.800276E+01   4.774133E+01
   1.797174E+01   4.775285E+01
   1.794961E+01   4.774050E+01
END
END
