none
1
   1.516336E+01   4.542099E+01
   1.514766E+01   4.542845E+01
   1.513581E+01   4.544387E+01
   1.512242E+01   4.544640E+01
   1.510182E+01   4.546164E+01
   1.508423E+01   4.546627E+01
   1.507204E+01   4.548607E+01
   1.505917E+01   4.548655E+01
   1.505204E+01   4.549263E+01
   1.504423E+01   4.548734E+01
   1.502870E+01   4.548439E+01
   1.498415E+01   4.549612E+01
   1.497522E+01   4.549955E+01
   1.493171E+01   4.552698E+01
   1.491591E+01   4.551687E+01
   1.491858E+01   4.550442E+01
   1.491815E+01   4.549149E+01
   1.490836E+01   4.547488E+01
   1.486965E+01   4.546549E+01
   1.481755E+01   4.545814E+01
   1.480708E+01   4.547638E+01
   1.480322E+01   4.547927E+01
   1.477979E+01   4.550526E+01
   1.476829E+01   4.550472E+01
   1.473001E+01   4.552704E+01
   1.471404E+01   4.553239E+01
   1.470033E+01   4.552522E+01
   1.469018E+01   4.552630E+01
   1.468559E+01   4.553097E+01
   1.468387E+01   4.553694E+01
   1.468640E+01   4.555535E+01
   1.469516E+01   4.556346E+01
   1.468632E+01   4.557944E+01
   1.467559E+01   4.558774E+01
   1.465138E+01   4.559056E+01
   1.464272E+01   4.559861E+01
   1.462890E+01   4.560401E+01
   1.459379E+01   4.562610E+01
   1.459980E+01   4.566145E+01
   1.457422E+01   4.566181E+01
   1.454246E+01   4.561488E+01
   1.451345E+01   4.560191E+01
   1.450470E+01   4.554700E+01
   1.443501E+01   4.550743E+01
   1.437235E+01   4.548397E+01
   1.432222E+01   4.546820E+01
   1.428120E+01   4.548721E+01
   1.426643E+01   4.547999E+01
   1.423759E+01   4.550226E+01
   1.420807E+01   4.546615E+01
   1.407143E+01   4.548084E+01
   1.401186E+01   4.551405E+01
   1.400070E+01   4.550611E+01
   1.396723E+01   4.550478E+01
   1.400190E+01   4.547987E+01
   1.398525E+01   4.545387E+01
   1.397152E+01   4.544604E+01
   1.392019E+01   4.545110E+01
   1.388672E+01   4.542303E+01
   1.385342E+01   4.542352E+01
   1.381445E+01   4.543207E+01
   1.377926E+01   4.546338E+01
   1.371351E+01   4.545134E+01
   1.367575E+01   4.544038E+01
   1.364227E+01   4.545616E+01
   1.360588E+01   4.546374E+01
   1.359352E+01   4.547085E+01
   1.356194E+01   4.548926E+01
   1.330509E+01   4.557884E+01
   1.363399E+01   4.564695E+01
   1.371986E+01   4.559819E+01
   1.374802E+01   4.560011E+01
   1.378235E+01   4.558713E+01
   1.380741E+01   4.558377E+01
   1.383900E+01   4.558449E+01
   1.384998E+01   4.559290E+01
   1.386372E+01   4.560059E+01
   1.386612E+01   4.561140E+01
   1.391350E+01   4.563253E+01
   1.389290E+01   4.564333E+01
   1.386166E+01   4.566013E+01
   1.382973E+01   4.568604E+01
   1.383076E+01   4.570618E+01
   1.380501E+01   4.572464E+01
   1.378613E+01   4.574333E+01
   1.374218E+01   4.575267E+01
   1.365738E+01   4.579554E+01
   1.362511E+01   4.579410E+01
   1.359146E+01   4.580511E+01
   1.356949E+01   4.584219E+01
   1.358185E+01   4.588356E+01
   1.361000E+01   4.590984E+01
   1.362030E+01   4.592345E+01
   1.363541E+01   4.593659E+01
   1.362923E+01   4.595091E+01
   1.363472E+01   4.597621E+01
   1.359043E+01   4.598408E+01
   1.356674E+01   4.596380E+01
   1.353447E+01   4.596141E+01
   1.349773E+01   4.597859E+01
   1.346815E+01   4.600319E+01
   1.350288E+01   4.603678E+01
   1.349190E+01   4.604679E+01
   1.349499E+01   4.606275E+01
   1.356983E+01   4.609823E+01
   1.362408E+01   4.613060E+01
   1.364948E+01   4.615487E+01
   1.365635E+01   4.618197E+01
   1.363472E+01   4.618696E+01
   1.361446E+01   4.618245E+01
   1.356812E+01   4.618197E+01
   1.354533E+01   4.620169E+01
   1.346889E+01   4.622023E+01
   1.342083E+01   4.620146E+01
   1.340163E+01   4.621092E+01
   1.340330E+01   4.623295E+01
   1.337002E+01   4.629927E+01
   1.340298E+01   4.630781E+01
   1.343253E+01   4.633298E+01
   1.343319E+01   4.636233E+01
   1.349739E+01   4.637749E+01
   1.356331E+01   4.640449E+01
   1.357361E+01   4.642934E+01
   1.359558E+01   4.644212E+01
   1.365154E+01   4.644921E+01
   1.368279E+01   4.644590E+01
   1.369858E+01   4.649816E+01
   1.371197E+01   4.652509E+01
   1.378097E+01   4.652037E+01
   1.380432E+01   4.651044E+01
   1.383213E+01   4.652202E+01
   1.391247E+01   4.652533E+01
   1.400723E+01   4.648752E+01
   1.404842E+01   4.649674E+01
   1.412395E+01   4.648114E+01
   1.415966E+01   4.643715E+01
   1.418953E+01   4.644661E+01
   1.423800E+01   4.644334E+01
   1.428497E+01   4.644756E+01
   1.431690E+01   4.643454E+01
   1.442539E+01   4.645110E+01
   1.444153E+01   4.644401E+01
   1.444942E+01   4.642579E+01
   1.448719E+01   4.642058E+01
   1.452255E+01   4.643076E+01
   1.457371E+01   4.637891E+01
   1.458023E+01   4.639502E+01
   1.457843E+01   4.643282E+01
   1.459225E+01   4.643880E+01
   1.466778E+01   4.645394E+01
   1.471344E+01   4.650241E+01
   1.474056E+01   4.650714E+01
   1.480751E+01   4.651068E+01
   1.481918E+01   4.654588E+01
   1.483601E+01   4.657184E+01
   1.486690E+01   4.660889E+01
   1.488750E+01   4.661620E+01
   1.491497E+01   4.660865E+01
   1.491669E+01   4.662044E+01
   1.495514E+01   4.663482E+01
   1.497402E+01   4.662681E+01
   1.498089E+01   4.660393E+01
   1.499084E+01   4.662256E+01
   1.502655E+01   4.665250E+01
   1.508148E+01   4.665391E+01
   1.510929E+01   4.666358E+01
   1.518585E+01   4.665863E+01
   1.523323E+01   4.664449E+01
   1.529365E+01   4.665533E+01
   1.541451E+01   4.665839E+01
   1.545605E+01   4.664237E+01
   1.547356E+01   4.661572E+01
   1.548489E+01   4.662280E+01
   1.551064E+01   4.662468E+01
   1.553879E+01   4.664001E+01
   1.554153E+01   4.667111E+01
   1.559578E+01   4.669302E+01
   1.562290E+01   4.668454E+01
   1.564281E+01   4.669632E+01
   1.564693E+01   4.670856E+01
   1.568264E+01   4.670880E+01
   1.576504E+01   4.670055E+01
   1.579937E+01   4.671727E+01
   1.584709E+01   4.672833E+01
   1.590992E+01   4.671515E+01
   1.595146E+01   4.669231E+01
   1.599438E+01   4.668548E+01
   1.602871E+01   4.666263E+01
   1.603592E+01   4.668854E+01
   1.599575E+01   4.671444E+01
   1.597858E+01   4.674974E+01
   1.598923E+01   4.680969E+01
   1.598099E+01   4.682802E+01
   1.599403E+01   4.683929E+01
   1.600451E+01   4.683377E+01
   1.602734E+01   4.684317E+01
   1.605703E+01   4.684199E+01
   1.606442E+01   4.685197E+01
   1.608999E+01   4.686712E+01
   1.611145E+01   4.687111E+01
   1.614681E+01   4.685702E+01
   1.623384E+01   4.687956E+01
   1.629169E+01   4.687510E+01
   1.634422E+01   4.684810E+01
   1.635401E+01   4.683084E+01
   1.634216E+01   4.680300E+01
   1.631865E+01   4.679653E+01
   1.631487E+01   4.678161E+01
   1.633307E+01   4.677808E+01
   1.632431E+01   4.675539E+01
   1.636133E+01   4.673033E+01
   1.637941E+01   4.671974E+01
   1.638559E+01   4.670220E+01
   1.643229E+01   4.669514E+01
   1.642353E+01   4.665792E+01
   1.639795E+01   4.665698E+01
   1.638920E+01   4.664602E+01
   1.642233E+01   4.662563E+01
   1.644928E+01   4.661266E+01
   1.649820E+01   4.656653E+01
   1.651194E+01   4.656594E+01
   1.653425E+01   4.653525E+01
   1.653442E+01   4.651541E+01
   1.653940E+01   4.650406E+01
   1.659622E+01   4.648031E+01
   1.660034E+01   4.647133E+01
   1.657288E+01   4.646943E+01
   1.651743E+01   4.647724E+01
   1.650267E+01   4.649225E+01
   1.647795E+01   4.650465E+01
   1.644001E+01   4.651269E+01
   1.642765E+01   4.652497E+01
   1.640705E+01   4.652521E+01
   1.638800E+01   4.653312E+01
   1.636585E+01   4.654210E+01
   1.633787E+01   4.652580E+01
   1.631727E+01   4.651919E+01
   1.630474E+01   4.651021E+01
   1.627178E+01   4.651233E+01
   1.626852E+01   4.650241E+01
   1.624844E+01   4.649402E+01
   1.626732E+01   4.645761E+01
   1.628225E+01   4.641632E+01
   1.631092E+01   4.640188E+01
   1.630337E+01   4.637453E+01
   1.618750E+01   4.637654E+01
   1.614492E+01   4.640247E+01
   1.608810E+01   4.638661E+01
   1.606133E+01   4.639016E+01
   1.608416E+01   4.634337E+01
   1.602699E+01   4.632334E+01
   1.602013E+01   4.630876E+01
   1.597893E+01   4.630283E+01
   1.593944E+01   4.628658E+01
   1.591610E+01   4.628326E+01
   1.590374E+01   4.628444E+01
   1.586855E+01   4.626855E+01
   1.584658E+01   4.626309E+01
   1.580160E+01   4.625585E+01
   1.580366E+01   4.624184E+01
   1.579147E+01   4.621690E+01
   1.576263E+01   4.620407E+01
   1.572710E+01   4.621548E+01
   1.570375E+01   4.622023E+01
   1.567766E+01   4.622510E+01
   1.564745E+01   4.621061E+01
   1.565174E+01   4.618720E+01
   1.563320E+01   4.617353E+01
   1.561449E+01   4.616485E+01
   1.561895E+01   4.615510E+01
   1.560900E+01   4.614702E+01
   1.561552E+01   4.613643E+01
   1.561432E+01   4.611145E+01
   1.563063E+01   4.609883E+01
   1.563303E+01   4.608942E+01
   1.564728E+01   4.609061E+01
   1.566788E+01   4.607692E+01
   1.570084E+01   4.606561E+01
   1.572281E+01   4.605739E+01
   1.573517E+01   4.604488E+01
   1.570839E+01   4.599291E+01
   1.571457E+01   4.592548E+01
   1.568504E+01   4.590303E+01
   1.569483E+01   4.588415E+01
   1.568693E+01   4.586826E+01
   1.570101E+01   4.585858E+01
   1.571388E+01   4.584327E+01
   1.566719E+01   4.583873E+01
   1.564333E+01   4.581851E+01
   1.560368E+01   4.583825E+01
   1.557518E+01   4.584722E+01
   1.556179E+01   4.583382E+01
   1.551922E+01   4.581923E+01
   1.548712E+01   4.582294E+01
   1.547253E+01   4.580966E+01
   1.547819E+01   4.579817E+01
   1.546360E+01   4.579099E+01
   1.539682E+01   4.578345E+01
   1.528095E+01   4.573890E+01
   1.526327E+01   4.572248E+01
   1.527426E+01   4.571181E+01
   1.528404E+01   4.571277E+01
   1.529451E+01   4.569815E+01
   1.531031E+01   4.570126E+01
   1.531494E+01   4.569407E+01
   1.534000E+01   4.571601E+01
   1.535820E+01   4.571541E+01
   1.537451E+01   4.569287E+01
   1.539219E+01   4.566889E+01
   1.540953E+01   4.564861E+01
   1.539013E+01   4.563445E+01
   1.536661E+01   4.564237E+01
   1.534944E+01   4.564465E+01
   1.535631E+01   4.563733E+01
   1.534052E+01   4.563193E+01
   1.530825E+01   4.563049E+01
   1.530945E+01   4.561236E+01
   1.528078E+01   4.560395E+01
   1.528971E+01   4.559422E+01
   1.530207E+01   4.558389E+01
   1.530413E+01   4.554026E+01
   1.534069E+01   4.550935E+01
   1.537176E+01   4.549901E+01
   1.538961E+01   4.548794E+01
   1.538567E+01   4.548397E+01
   1.536009E+01   4.547337E+01
   1.534670E+01   4.545447E+01
   1.532713E+01   4.545134E+01
   1.527357E+01   4.546422E+01
   1.524095E+01   4.544652E+01
   1.522654E+01   4.542562E+01
   1.522036E+01   4.542442E+01
   1.520319E+01   4.542412E+01
   1.519323E+01   4.543327E+01
   1.519152E+01   4.542749E+01
   1.517796E+01   4.542081E+01
   1.516336E+01   4.542099E+01
END
END
