none
1
   -1.818554E+00   3.589823E+01
   -2.159529E+00   3.577980E+01
   -2.912861E+00   3.528711E+01
   -2.929856E+00   3.526917E+01
   -2.949118E+00   3.526393E+01
   -2.952387E+00   3.526424E+01
   -2.972404E+00   3.528540E+01
   -2.972424E+00   3.528546E+01
   -2.970666E+00   3.529861E+01
   -2.964749E+00   3.531337E+01
   -2.959590E+00   3.531872E+01
   -2.946335E+00   3.532466E+01
   -2.914235E+00   3.535350E+01
   -2.922474E+00   3.547214E+01
   -2.974415E+00   3.546091E+01
   -3.128324E+00   3.564784E+01
   -5.011109E+00   3.573553E+01
   -5.254818E+00   3.576327E+01
   -5.342838E+00   3.586857E+01
   -5.355773E+00   3.587211E+01
   -5.373401E+00   3.587996E+01
   -5.398531E+00   3.593988E+01
   -5.630473E+00   3.591539E+01
   -7.353650E+00   3.600071E+01
   -7.409518E+00   3.718382E+01
   -7.417832E+00   3.721283E+01
   -7.418941E+00   3.723440E+01
   -7.438431E+00   3.724837E+01
   -7.429025E+00   3.727275E+01
   -7.444954E+00   3.731202E+01
   -7.447286E+00   3.734549E+01
   -7.440834E+00   3.735733E+01
   -7.442216E+00   3.739151E+01
   -7.463837E+00   3.740671E+01
   -7.464352E+00   3.741421E+01
   -7.452679E+00   3.741898E+01
   -7.458467E+00   3.742509E+01
   -7.470703E+00   3.746886E+01
   -7.472420E+00   3.748140E+01
   -7.467957E+00   3.748862E+01
   -7.477055E+00   3.749284E+01
   -7.484951E+00   3.749570E+01
   -7.492704E+00   3.750539E+01
   -7.492083E+00   3.751954E+01
   -7.511516E+00   3.752181E+01
   -7.524660E+00   3.755333E+01
   -7.517567E+00   3.756921E+01
   -7.515164E+00   3.757384E+01
   -7.505036E+00   3.757955E+01
   -7.503662E+00   3.758839E+01
   -7.499371E+00   3.759302E+01
   -7.505928E+00   3.760388E+01
   -7.490273E+00   3.760662E+01
   -7.487354E+00   3.761314E+01
   -7.484093E+00   3.761777E+01
   -7.484780E+00   3.762538E+01
   -7.473793E+00   3.762715E+01
   -7.471905E+00   3.763598E+01
   -7.466412E+00   3.764251E+01
   -7.469330E+00   3.764985E+01
   -7.461090E+00   3.765325E+01
   -7.458483E+00   3.766085E+01
   -7.450104E+00   3.769795E+01
   -7.422466E+00   3.775999E+01
   -7.329254E+00   3.781792E+01
   -7.298699E+00   3.785778E+01
   -7.284279E+00   3.789883E+01
   -7.263336E+00   3.792511E+01
   -7.256813E+00   3.793865E+01
   -7.254067E+00   3.796369E+01
   -7.265740E+00   3.798020E+01
   -7.245655E+00   3.799305E+01
   -7.226944E+00   3.799319E+01
   -7.203255E+00   3.800469E+01
   -7.185230E+00   3.800374E+01
   -7.166691E+00   3.799738E+01
   -7.146435E+00   3.800455E+01
   -7.126866E+00   3.800469E+01
   -7.133560E+00   3.802227E+01
   -7.130470E+00   3.803011E+01
   -7.119484E+00   3.803511E+01
   -7.099571E+00   3.804688E+01
   -7.077599E+00   3.803579E+01
   -7.067127E+00   3.803498E+01
   -7.056828E+00   3.802037E+01
   -7.023697E+00   3.802605E+01
   -7.007904E+00   3.802403E+01
   -7.005329E+00   3.804431E+01
   -7.000523E+00   3.805052E+01
   -6.991596E+00   3.810377E+01
   -6.965847E+00   3.813361E+01
   -6.961041E+00   3.813604E+01
   -6.962757E+00   3.814023E+01
   -6.960697E+00   3.815224E+01
   -6.972370E+00   3.815994E+01
   -6.970310E+00   3.816965E+01
   -6.941072E+00   3.820297E+01
   -6.952973E+00   3.821296E+01
   -6.969109E+00   3.820123E+01
   -7.004829E+00   3.819980E+01
   -7.021836E+00   3.818270E+01
   -7.048760E+00   3.817816E+01
   -7.065411E+00   3.817667E+01
   -7.084465E+00   3.816560E+01
   -7.110729E+00   3.818625E+01
   -7.144944E+00   3.823924E+01
   -7.149525E+00   3.826393E+01
   -7.172138E+00   3.827751E+01
   -7.233811E+00   3.835431E+01
   -7.263894E+00   3.838191E+01
   -7.274838E+00   3.839643E+01
   -7.284279E+00   3.841742E+01
   -7.300587E+00   3.842495E+01
   -7.338867E+00   3.843436E+01
   -7.332001E+00   3.844525E+01
   -7.308567E+00   3.846830E+01
   -7.324963E+00   3.847523E+01
   -7.315178E+00   3.851835E+01
   -7.305393E+00   3.854333E+01
   -7.287712E+00   3.857447E+01
   -7.269173E+00   3.858843E+01
   -7.261105E+00   3.861312E+01
   -7.276039E+00   3.863860E+01
   -7.269173E+00   3.869891E+01
   -7.261620E+00   3.872489E+01
   -7.239304E+00   3.873895E+01
   -7.220078E+00   3.874418E+01
   -7.193985E+00   3.877041E+01
   -7.161649E+00   3.878520E+01
   -7.155533E+00   3.879851E+01
   -7.130998E+00   3.881736E+01
   -7.094854E+00   3.882100E+01
   -7.070046E+00   3.885535E+01
   -7.049790E+00   3.886310E+01
   -7.038117E+00   3.887647E+01
   -7.055283E+00   3.890733E+01
   -7.030049E+00   3.892363E+01
   -7.022495E+00   3.894072E+01
   -6.986618E+00   3.898210E+01
   -6.957264E+00   3.902358E+01
   -6.970482E+00   3.903839E+01
   -6.974794E+00   3.907525E+01
   -7.033652E+00   3.911515E+01
   -7.111249E+00   3.909436E+01
   -7.144718E+00   3.910702E+01
   -7.152532E+00   3.911232E+01
   -7.152443E+00   3.912194E+01
   -7.137337E+00   3.916747E+01
   -7.207901E+00   3.918443E+01
   -7.243080E+00   3.920260E+01
   -7.250007E+00   3.925687E+01
   -7.237090E+00   3.927669E+01
   -7.309119E+00   3.933414E+01
   -7.325055E+00   3.938160E+01
   -7.305234E+00   3.941759E+01
   -7.311043E+00   3.943591E+01
   -7.300163E+00   3.946043E+01
   -7.363802E+00   3.948042E+01
   -7.389969E+00   3.949233E+01
   -7.394287E+00   3.952668E+01
   -7.438688E+00   3.953429E+01
   -7.463494E+00   3.957037E+01
   -7.497387E+00   3.958432E+01
   -7.524867E+00   3.962766E+01
   -7.543690E+00   3.966918E+01
   -7.485981E+00   3.966703E+01
   -7.425393E+00   3.966114E+01
   -7.418690E+00   3.965276E+01
   -7.370796E+00   3.965368E+01
   -7.333546E+00   3.964377E+01
   -7.299557E+00   3.965963E+01
   -7.268826E+00   3.966884E+01
   -7.146607E+00   3.965884E+01
   -7.125664E+00   3.966610E+01
   -7.114347E+00   3.966608E+01
   -7.064255E+00   3.966157E+01
   -7.020435E+00   3.967235E+01
   -6.995676E+00   3.972512E+01
   -6.989638E+00   3.980901E+01
   -6.981901E+00   3.982359E+01
   -6.951758E+00   3.983019E+01
   -6.935609E+00   3.984957E+01
   -6.930313E+00   3.985731E+01
   -6.906468E+00   3.987141E+01
   -6.912117E+00   3.991843E+01
   -6.875038E+00   4.001052E+01
   -6.883622E+00   4.001894E+01
   -6.887055E+00   4.004049E+01
   -6.920357E+00   4.006388E+01
   -6.947823E+00   4.010381E+01
   -6.994858E+00   4.010985E+01
   -7.018514E+00   4.012549E+01
   -7.033997E+00   4.018753E+01
   -7.017838E+00   4.022379E+01
   -6.990052E+00   4.024337E+01
   -6.967736E+00   4.024258E+01
   -6.953659E+00   4.025883E+01
   -6.921044E+00   4.026250E+01
   -6.875725E+00   4.026512E+01
   -6.865942E+00   4.028403E+01
   -6.865469E+00   4.030181E+01
   -6.820871E+00   4.032719E+01
   -6.796710E+00   4.033083E+01
   -6.793289E+00   4.036878E+01
   -6.838646E+00   4.040461E+01
   -6.856156E+00   4.045348E+01
   -6.821137E+00   4.050127E+01
   -6.804520E+00   4.051169E+01
   -6.807519E+00   4.055140E+01
   -6.849633E+00   4.056207E+01
   -6.842766E+00   4.059362E+01
   -6.835814E+00   4.059825E+01
   -6.829290E+00   4.060346E+01
   -6.826544E+00   4.060789E+01
   -6.822767E+00   4.061174E+01
   -6.798477E+00   4.066124E+01
   -6.807060E+00   4.066410E+01
   -6.811622E+00   4.069742E+01
   -6.831865E+00   4.074223E+01
   -6.831341E+00   4.077023E+01
   -6.820956E+00   4.080142E+01
   -6.825600E+00   4.081849E+01
   -6.828272E+00   4.084586E+01
   -6.803395E+00   4.084824E+01
   -6.810547E+00   4.088045E+01
   -6.830377E+00   4.087994E+01
   -6.850531E+00   4.090085E+01
   -6.860021E+00   4.094147E+01
   -6.933364E+00   4.101432E+01
   -6.931644E+00   4.102981E+01
   -6.916194E+00   4.103942E+01
   -6.907697E+00   4.103712E+01
   -6.904221E+00   4.103469E+01
   -6.897655E+00   4.103356E+01
   -6.879330E+00   4.102916E+01
   -6.864009E+00   4.102819E+01
   -6.843238E+00   4.102887E+01
   -6.822853E+00   4.103301E+01
   -6.813626E+00   4.103926E+01
   -6.808562E+00   4.104673E+01
   -6.803412E+00   4.104887E+01
   -6.782169E+00   4.106887E+01
   -6.775303E+00   4.107864E+01
   -6.770067E+00   4.108919E+01
   -6.765947E+00   4.109125E+01
   -6.763802E+00   4.109585E+01
   -6.760197E+00   4.109844E+01
   -6.757536E+00   4.110316E+01
   -6.759338E+00   4.110658E+01
   -6.776736E+00   4.112850E+01
   -6.702551E+00   4.118846E+01
   -6.693919E+00   4.120909E+01
   -6.649343E+00   4.124942E+01
   -6.616345E+00   4.125019E+01
   -6.590002E+00   4.125803E+01
   -6.572309E+00   4.124112E+01
   -6.522519E+00   4.127795E+01
   -6.512146E+00   4.127316E+01
   -6.506996E+00   4.126749E+01
   -6.483135E+00   4.127548E+01
   -6.491890E+00   4.128284E+01
   -6.493552E+00   4.128732E+01
   -6.486912E+00   4.129283E+01
   -6.471291E+00   4.130109E+01
   -6.466656E+00   4.130296E+01
   -6.442881E+00   4.130573E+01
   -6.439276E+00   4.131927E+01
   -6.425285E+00   4.134254E+01
   -6.397614E+00   4.136369E+01
   -6.393228E+00   4.138594E+01
   -6.366379E+00   4.139698E+01
   -6.334733E+00   4.138723E+01
   -6.334772E+00   4.141522E+01
   -6.297736E+00   4.143630E+01
   -6.307896E+00   4.144870E+01
   -6.285210E+00   4.147926E+01
   -6.279202E+00   4.148228E+01
   -6.272807E+00   4.148592E+01
   -6.268988E+00   4.148759E+01
   -6.265769E+00   4.148797E+01
   -6.263280E+00   4.148785E+01
   -6.264010E+00   4.148910E+01
   -6.267057E+00   4.149190E+01
   -6.269331E+00   4.149431E+01
   -6.267614E+00   4.149765E+01
   -6.265555E+00   4.149996E+01
   -6.257057E+00   4.149926E+01
   -6.256285E+00   4.150395E+01
   -6.260061E+00   4.151166E+01
   -6.258245E+00   4.151488E+01
   -6.246205E+00   4.151720E+01
   -6.196614E+00   4.158026E+01
   -6.198010E+00   4.158996E+01
   -6.234570E+00   4.160482E+01
   -6.285455E+00   4.165226E+01
   -6.354218E+00   4.167291E+01
   -6.374641E+00   4.167264E+01
   -6.439706E+00   4.168000E+01
   -6.453438E+00   4.166445E+01
   -6.498993E+00   4.165298E+01
   -6.549569E+00   4.167907E+01
   -6.559182E+00   4.169701E+01
   -6.556168E+00   4.172065E+01
   -6.571633E+00   4.174422E+01
   -6.556137E+00   4.176815E+01
   -6.547637E+00   4.179538E+01
   -6.523529E+00   4.187339E+01
   -6.574293E+00   4.188182E+01
   -6.548705E+00   4.193965E+01
   -6.585526E+00   4.196432E+01
   -6.598950E+00   4.194696E+01
   -6.617454E+00   4.193895E+01
   -6.670349E+00   4.193623E+01
   -6.696975E+00   4.193063E+01
   -6.750448E+00   4.194124E+01
   -6.776676E+00   4.198399E+01
   -6.803122E+00   4.198357E+01
   -6.821389E+00   4.194297E+01
   -6.892903E+00   4.193840E+01
   -6.943012E+00   4.194185E+01
   -6.971684E+00   4.197034E+01
   -7.009467E+00   4.194740E+01
   -7.070791E+00   4.194686E+01
   -7.140343E+00   4.198889E+01
   -7.157407E+00   4.197496E+01
   -7.176346E+00   4.197776E+01
   -7.184385E+00   4.196931E+01
   -7.180775E+00   4.195157E+01
   -7.182549E+00   4.194080E+01
   -7.171900E+00   4.191911E+01
   -7.182610E+00   4.189780E+01
   -7.195750E+00   4.187838E+01
   -7.231034E+00   4.186564E+01
   -7.253169E+00   4.186227E+01
   -7.308816E+00   4.184212E+01
   -7.356211E+00   4.183808E+01
   -7.383649E+00   4.184035E+01
   -7.395982E+00   4.182119E+01
   -7.427711E+00   4.180443E+01
   -7.446170E+00   4.183703E+01
   -7.452914E+00   4.186243E+01
   -7.485302E+00   4.185973E+01
   -7.492484E+00   4.186885E+01
   -7.509791E+00   4.186342E+01
   -7.503777E+00   4.184920E+01
   -7.540135E+00   4.183039E+01
   -7.616960E+00   4.182602E+01
   -7.614216E+00   4.184606E+01
   -7.604080E+00   4.186640E+01
   -7.589016E+00   4.187769E+01
   -7.608166E+00   4.187799E+01
   -7.617320E+00   4.188218E+01
   -7.628218E+00   4.187786E+01
   -7.659008E+00   4.188081E+01
   -7.699954E+00   4.190597E+01
   -7.731114E+00   4.189078E+01
   -7.742938E+00   4.189155E+01
   -7.759747E+00   4.189725E+01
   -7.783253E+00   4.188280E+01
   -7.836983E+00   4.187780E+01
   -7.838745E+00   4.186598E+01
   -7.873764E+00   4.184271E+01
   -7.895222E+00   4.185806E+01
   -7.885557E+00   4.188348E+01
   -7.888482E+00   4.190540E+01
   -7.886263E+00   4.192446E+01
   -7.902097E+00   4.192475E+01
   -7.918194E+00   4.187878E+01
   -7.945466E+00   4.186967E+01
   -7.979411E+00   4.187092E+01
   -8.011658E+00   4.182768E+01
   -8.032384E+00   4.182772E+01
   -8.055235E+00   4.181432E+01
   -8.092522E+00   4.180708E+01
   -8.121925E+00   4.180559E+01
   -8.167992E+00   4.181674E+01
   -8.164902E+00   4.184859E+01
   -8.170953E+00   4.187479E+01
   -8.201294E+00   4.187250E+01
   -8.204429E+00   4.188911E+01
   -8.215463E+00   4.189563E+01
   -8.218676E+00   4.191185E+01
   -8.200837E+00   4.193898E+01
   -8.178815E+00   4.195567E+01
   -8.165175E+00   4.198401E+01
   -8.141554E+00   4.199046E+01
   -8.131392E+00   4.200580E+01
   -8.087552E+00   4.201714E+01
   -8.087117E+00   4.204741E+01
   -8.098351E+00   4.206801E+01
   -8.120670E+00   4.207929E+01
   -8.171158E+00   4.206441E+01
   -8.187058E+00   4.206623E+01
   -8.195801E+00   4.212968E+01
   -8.189535E+00   4.213731E+01
   -8.197432E+00   4.214864E+01
   -8.204813E+00   4.214050E+01
   -8.229789E+00   4.212874E+01
   -8.240965E+00   4.213640E+01
   -8.258106E+00   4.211996E+01
   -8.273306E+00   4.212191E+01
   -8.298369E+00   4.210548E+01
   -8.303003E+00   4.210328E+01
   -8.314033E+00   4.210243E+01
   -8.320169E+00   4.210115E+01
   -8.323259E+00   4.209857E+01
   -8.323431E+00   4.209341E+01
   -8.324075E+00   4.209010E+01
   -8.332577E+00   4.208220E+01
   -8.344288E+00   4.208364E+01
   -8.353429E+00   4.208803E+01
   -8.361712E+00   4.208806E+01
   -8.369136E+00   4.208462E+01
   -8.382354E+00   4.207478E+01
   -8.390894E+00   4.207424E+01
   -8.397803E+00   4.207892E+01
   -8.402614E+00   4.207887E+01
   -8.411708E+00   4.207606E+01
   -8.419519E+00   4.207204E+01
   -8.429904E+00   4.207163E+01
   -8.438659E+00   4.207784E+01
   -8.446635E+00   4.208132E+01
   -8.478398E+00   4.208013E+01
   -8.484364E+00   4.208090E+01
   -8.489857E+00   4.208045E+01
   -8.495693E+00   4.207886E+01
   -8.500071E+00   4.207736E+01
   -8.514190E+00   4.207752E+01
   -8.521142E+00   4.207787E+01
   -8.525221E+00   4.207546E+01
   -8.525605E+00   4.206679E+01
   -8.523717E+00   4.206427E+01
   -8.526979E+00   4.206099E+01
   -8.536892E+00   4.205732E+01
   -8.546848E+00   4.205347E+01
   -8.561053E+00   4.205181E+01
   -8.573585E+00   4.205222E+01
   -8.582425E+00   4.205136E+01
   -8.597531E+00   4.205420E+01
   -8.634997E+00   4.204668E+01
   -8.645983E+00   4.203610E+01
   -8.655510E+00   4.202991E+01
   -8.656626E+00   4.201818E+01
   -8.659507E+00   4.200363E+01
   -8.678779E+00   4.198933E+01
   -8.699713E+00   4.198233E+01
   -8.721943E+00   4.197583E+01
   -8.742199E+00   4.196523E+01
   -8.746061E+00   4.195604E+01
   -8.745718E+00   4.194679E+01
   -8.747477E+00   4.193935E+01
   -8.764076E+00   4.192557E+01
   -8.778591E+00   4.191965E+01
   -8.787174E+00   4.191492E+01
   -8.810600E+00   4.190503E+01
   -8.829854E+00   4.189206E+01
   -8.843651E+00   4.187864E+01
   -8.853564E+00   4.187288E+01
   -8.863049E+00   4.187055E+01
   -8.870688E+00   4.186234E+01
   -9.498331E+00   4.183423E+01
   -9.779014E+00   4.414855E+01
   -1.642457E+00   4.371653E+01
   -1.765709E+00   4.338409E+01
   -1.789055E+00   4.337611E+01
   -1.789457E+00   4.337277E+01
   -1.788025E+00   4.336918E+01
   -1.778506E+00   4.336299E+01
   -1.788368E+00   4.335358E+01
   -1.783776E+00   4.334976E+01
   -1.776910E+00   4.334851E+01
   -1.775579E+00   4.334450E+01
   -1.769893E+00   4.334297E+01
   -1.760924E+00   4.334466E+01
   -1.756568E+00   4.334423E+01
   -1.752362E+00   4.334147E+01
   -1.751719E+00   4.333960E+01
   -1.750989E+00   4.333592E+01
   -1.741204E+00   4.333197E+01
   -1.736611E+00   4.333042E+01
   -1.736805E+00   4.332162E+01
   -1.740539E+00   4.331681E+01
   -1.735450E+00   4.331262E+01
   -1.728630E+00   4.329782E+01
   -1.722622E+00   4.330126E+01
   -1.713352E+00   4.330182E+01
   -1.706400E+00   4.330907E+01
   -1.698654E+00   4.331224E+01
   -1.692581E+00   4.331269E+01
   -1.683741E+00   4.331119E+01
   -1.667835E+00   4.331655E+01
   -1.654215E+00   4.331338E+01
   -1.645889E+00   4.330832E+01
   -1.635531E+00   4.330935E+01
   -1.621838E+00   4.330707E+01
   -1.621857E+00   4.330063E+01
   -1.629067E+00   4.328608E+01
   -1.623173E+00   4.327200E+01
   -1.613853E+00   4.325738E+01
   -1.577177E+00   4.325438E+01
   -1.566324E+00   4.326396E+01
   -1.565981E+00   4.328845E+01
   -1.556797E+00   4.329176E+01
   -1.535339E+00   4.329514E+01
   -1.506071E+00   4.329403E+01
   -1.503518E+00   4.329234E+01
   -1.498261E+00   4.328733E+01
   -1.491802E+00   4.328181E+01
   -1.484227E+00   4.328444E+01
   -1.427708E+00   4.326814E+01
   -1.415777E+00   4.327427E+01
   -1.407194E+00   4.327283E+01
   -1.377843E+00   4.325158E+01
   -1.375143E+00   4.323416E+01
   -1.382132E+00   4.319879E+01
   -1.384449E+00   4.319416E+01
   -1.377754E+00   4.318944E+01
   -1.398439E+00   4.318002E+01
   -1.401346E+00   4.315601E+01
   -1.413043E+00   4.312741E+01
   -1.425645E+00   4.311482E+01
   -1.468428E+00   4.309227E+01
   -1.466093E+00   4.307671E+01
   -1.439523E+00   4.304731E+01
   -1.355446E+00   4.303014E+01
   -1.345825E+00   4.305340E+01
   -1.347241E+00   4.309268E+01
   -1.328052E+00   4.311526E+01
   -1.266890E+00   4.312027E+01
   -1.271153E+00   4.311320E+01
   -1.281109E+00   4.310853E+01
   -1.283169E+00   4.310498E+01
   -1.290185E+00   4.310053E+01
   -1.298103E+00   4.309089E+01
   -1.305566E+00   4.307442E+01
   -1.305657E+00   4.307046E+01
   -1.295528E+00   4.306751E+01
   -1.285315E+00   4.306387E+01
   -1.252960E+00   4.304671E+01
   -1.227127E+00   4.305675E+01
   -1.164062E+00   4.303628E+01
   -1.134337E+00   4.302228E+01
   -1.113169E+00   4.302584E+01
   -1.079750E+00   4.301155E+01
   -1.084175E+00   4.300342E+01
   -1.014347E+00   4.299712E+01
   -9.436230E-01   4.295554E+01
   -9.272260E-01   4.295646E+01
   -9.144400E-01   4.296647E+01
   -8.955580E-01   4.296371E+01
   -8.936690E-01   4.295806E+01
   -8.387380E-01   4.295617E+01
   -8.141900E-01   4.295378E+01
   -7.942770E-01   4.296584E+01
   -7.715210E-01   4.297019E+01
   -7.475950E-01   4.296890E+01
   -7.165150E-01   4.292010E+01
   -7.276730E-01   4.289848E+01
   -6.950570E-01   4.288049E+01
   -6.792640E-01   4.288804E+01
   -6.004720E-01   4.283330E+01
   -5.910300E-01   4.280774E+01
   -5.724910E-01   4.281127E+01
   -5.649380E-01   4.280560E+01
   -5.607040E-01   4.279148E+01
   -5.553250E-01   4.278280E+01
   -5.426220E-01   4.279578E+01
   -5.276870E-01   4.279578E+01
   -5.279710E-01   4.280867E+01
   -5.230620E-01   4.281804E+01
   -5.043410E-01   4.283091E+01
   -4.725840E-01   4.281190E+01
   -4.399680E-01   4.280069E+01
   -4.154210E-01   4.281014E+01
   -3.922460E-01   4.280346E+01
   -3.817750E-01   4.281240E+01
   -3.680420E-01   4.281694E+01
   -3.513470E-01   4.283844E+01
   -3.343080E-01   4.284016E+01
   -3.280820E-01   4.283603E+01
   -3.135490E-01   4.285068E+01
   -3.007510E-01   4.284211E+01
   -2.779200E-01   4.283935E+01
   -2.574920E-01   4.282399E+01
   -2.421370E-01   4.282443E+01
   -2.317430E-01   4.281089E+01
   -1.974110E-01   4.279742E+01
   -1.780170E-01   4.278646E+01
   -1.625630E-01   4.280031E+01
   -1.570860E-01   4.279823E+01
   -1.438520E-01   4.277524E+01
   -9.819000E-02   4.272570E+01
   -6.494800E-02   4.271773E+01
   -5.693500E-02   4.269819E+01
   6.650000E-04   4.268714E+01
   1.367200E-02   4.270322E+01
   6.453700E-02   4.270399E+01
   7.862100E-02   4.271864E+01
   1.287460E-01   4.271599E+01
   1.350880E-01   4.272291E+01
   1.756680E-01   4.273892E+01
   2.613360E-01   4.271815E+01
   2.957720E-01   4.267751E+01
   3.162000E-01   4.268597E+01
   3.237530E-01   4.270742E+01
   3.600750E-01   4.272487E+01
   3.926050E-01   4.271422E+01
   4.332770E-01   4.269262E+01
   4.754840E-01   4.270213E+01
   5.126610E-01   4.269261E+01
   5.283850E-01   4.270462E+01
   5.871180E-01   4.269652E+01
   5.923560E-01   4.270722E+01
   6.692480E-01   4.269249E+01
   6.741140E-01   4.270830E+01
   6.358580E-01   4.275464E+01
   6.579780E-01   4.277209E+01
   6.423570E-01   4.278230E+01
   6.452750E-01   4.278633E+01
   6.636910E-01   4.280408E+01
   6.562610E-01   4.283846E+01
   6.763490E-01   4.285575E+01
   7.146470E-01   4.286320E+01
   7.827760E-01   4.283796E+01
   7.977100E-01   4.284186E+01
   8.094420E-01   4.284145E+01
   8.319960E-01   4.282956E+01
   8.495930E-01   4.283009E+01
   9.071400E-01   4.280513E+01
   9.217110E-01   4.279588E+01
   9.600950E-01   4.280707E+01
   1.018160E+00   4.278832E+01
   1.079885E+00   4.278936E+01
   1.113731E+00   4.277002E+01
   1.135112E+00   4.275069E+01
   1.165316E+00   4.271061E+01
   1.230984E+00   4.272999E+01
   1.259028E+00   4.272145E+01
   1.329804E+00   4.272572E+01
   1.357660E+00   4.272167E+01
   1.387885E+00   4.269026E+01
   1.413610E+00   4.265762E+01
   1.430969E+00   4.261981E+01
   1.444097E+00   4.260366E+01
   1.446848E+00   4.256579E+01
   1.421785E+00   4.254005E+01
   1.440239E+00   4.254581E+01
   1.452942E+00   4.254107E+01
   1.455173E+00   4.253171E+01
   1.470709E+00   4.250969E+01
   1.435852E+00   4.248622E+01
   1.443672E+00   4.247210E+01
   1.448393E+00   4.246045E+01
   1.450000E+00   4.244011E+01
   1.511736E+00   4.243142E+01
   1.548514E+00   4.243528E+01
   1.558368E+00   4.245864E+01
   1.563078E+00   4.246173E+01
   1.574280E+00   4.245577E+01
   1.596562E+00   4.246894E+01
   1.656383E+00   4.246980E+01
   1.661590E+00   4.249384E+01
   1.667862E+00   4.250716E+01
   1.704487E+00   4.249191E+01
   1.725742E+00   4.250555E+01
   1.762062E+00   4.249093E+01
   1.804881E+00   4.249100E+01
   1.824168E+00   4.248769E+01
   1.883093E+00   4.245999E+01
   1.891487E+00   4.245025E+01
   1.953249E+00   4.245962E+01
   1.961059E+00   4.247900E+01
   1.978226E+00   4.249874E+01
   1.997967E+00   4.249324E+01
   2.019167E+00   4.244683E+01
   1.984320E+00   4.244455E+01
   1.962089E+00   4.245088E+01
   1.945095E+00   4.244420E+01
   1.942134E+00   4.243033E+01
   1.958656E+00   4.242634E+01
   1.968299E+00   4.238830E+01
   1.997870E+00   4.235982E+01
   2.054021E+00   4.236125E+01
   2.090354E+00   4.237576E+01
   2.108178E+00   4.238265E+01
   2.123564E+00   4.241409E+01
   2.163432E+00   4.242738E+01
   2.253570E+00   4.244107E+01
   2.315712E+00   4.243005E+01
   2.345383E+00   4.241715E+01
   2.435016E+00   4.239494E+01
   2.484798E+00   4.234446E+01
   2.500591E+00   4.234459E+01
   2.540021E+00   4.233469E+01
   2.553678E+00   4.235664E+01
   2.575436E+00   4.236118E+01
   2.650245E+00   4.234572E+01
   2.670364E+00   4.234231E+01
   2.649550E+00   4.238615E+01
   2.652340E+00   4.239037E+01
   2.667961E+00   4.238746E+01
   2.671230E+00   4.240522E+01
   2.724517E+00   4.242495E+01
   2.754476E+00   4.242688E+01
   2.774923E+00   4.241456E+01
   2.785584E+00   4.241971E+01
   2.837950E+00   4.246027E+01
   2.857990E+00   4.245677E+01
   2.864170E+00   4.246678E+01
   2.869826E+00   4.246881E+01
   2.902794E+00   4.246045E+01
   2.919273E+00   4.245893E+01
   2.929745E+00   4.247539E+01
   2.945102E+00   4.248326E+01
   2.971849E+00   4.247084E+01
   2.990752E+00   4.247493E+01
   3.001327E+00   4.247412E+01
   3.012657E+00   4.246969E+01
   3.030338E+00   4.247666E+01
   3.040317E+00   4.247583E+01
   3.054886E+00   4.245361E+01
   3.082659E+00   4.243083E+01
   3.097458E+00   4.242827E+01
   3.108444E+00   4.243739E+01
   3.123550E+00   4.243967E+01
   3.137455E+00   4.243777E+01
   3.153591E+00   4.243590E+01
   3.157711E+00   4.243473E+01
   3.160028E+00   4.243565E+01
   3.163376E+00   4.243654E+01
   3.168397E+00   4.243587E+01
   3.176293E+00   4.243562E+01
   3.485459E+00   4.248706E+01
   4.314623E+00   4.236291E+01
   5.098525E+00   3.964927E+01
   -1.357879E+00   3.647351E+01
   -1.818554E+00   3.589823E+01
END
END
