none
1
   9.016428E+00   4.581642E+01
   8.990850E+00   4.582114E+01
   8.994198E+00   4.583209E+01
   8.986645E+00   4.583669E+01
   8.968964E+00   4.582988E+01
   8.951025E+00   4.584154E+01
   8.930597E+00   4.583311E+01
   8.910245E+00   4.582821E+01
   8.912056E+00   4.584451E+01
   8.934444E+00   4.586567E+01
   8.927082E+00   4.588968E+01
   8.920383E+00   4.589525E+01
   8.920555E+00   4.590446E+01
   8.904762E+00   4.591641E+01
   8.888969E+00   4.593348E+01
   8.894119E+00   4.594506E+01
   8.893829E+00   4.595609E+01
   8.877854E+00   4.595554E+01
   8.874378E+00   4.595843E+01
   8.867683E+00   4.595995E+01
   8.858457E+00   4.596663E+01
   8.844852E+00   4.597528E+01
   8.830543E+00   4.598497E+01
   8.784020E+00   4.598766E+01
   8.790281E+00   4.600796E+01
   8.850854E+00   4.607359E+01
   8.801815E+00   4.609266E+01
   8.784613E+00   4.609187E+01
   8.758843E+00   4.609900E+01
   8.743103E+00   4.611908E+01
   8.715844E+00   4.609596E+01
   8.683662E+00   4.610073E+01
   8.655510E+00   4.611073E+01
   8.647466E+00   4.612100E+01
   8.608646E+00   4.611966E+01
   8.605041E+00   4.613262E+01
   8.588390E+00   4.614381E+01
   8.594055E+00   4.615189E+01
   8.572699E+00   4.616316E+01
   8.551998E+00   4.618589E+01
   8.539598E+00   4.619653E+01
   8.526249E+00   4.621560E+01
   8.464794E+00   4.623187E+01
   8.463768E+00   4.624284E+01
   8.442086E+00   4.624898E+01
   8.440966E+00   4.625602E+01
   8.452715E+00   4.626615E+01
   8.423252E+00   4.629642E+01
   8.441620E+00   4.632097E+01
   8.461189E+00   4.633519E+01
   8.460117E+00   4.635435E+01
   8.463421E+00   4.638010E+01
   8.456898E+00   4.638685E+01
   8.463592E+00   4.641407E+01
   8.453358E+00   4.642235E+01
   8.446124E+00   4.646165E+01
   8.409321E+00   4.645664E+01
   8.394980E+00   4.645022E+01
   8.366422E+00   4.644917E+01
   8.339306E+00   4.642978E+01
   8.295392E+00   4.640990E+01
   8.319210E+00   4.640465E+01
   8.322723E+00   4.638665E+01
   8.315171E+00   4.637530E+01
   8.269609E+00   4.635362E+01
   8.264953E+00   4.634402E+01
   8.234367E+00   4.633440E+01
   8.215202E+00   4.630828E+01
   8.205724E+00   4.630257E+01
   8.166270E+00   4.629319E+01
   8.139924E+00   4.629972E+01
   8.085318E+00   4.626056E+01
   8.112681E+00   4.625286E+01
   8.118654E+00   4.624021E+01
   8.142656E+00   4.622856E+01
   8.157184E+00   4.619413E+01
   8.169682E+00   4.618280E+01
   8.168449E+00   4.617613E+01
   8.154069E+00   4.616256E+01
   8.157028E+00   4.614516E+01
   8.145518E+00   4.613486E+01
   8.125478E+00   4.613089E+01
   8.109054E+00   4.610719E+01
   8.036897E+00   4.609853E+01
   8.026487E+00   4.607073E+01
   8.038624E+00   4.604368E+01
   8.020875E+00   4.602554E+01
   8.015390E+00   4.601072E+01
   7.992566E+00   4.599281E+01
   7.917933E+00   4.599383E+01
   7.885976E+00   4.596970E+01
   7.879830E+00   4.592597E+01
   7.863667E+00   4.591372E+01
   7.799129E+00   4.591421E+01
   7.749536E+00   4.593763E+01
   7.736803E+00   4.592079E+01
   7.720654E+00   4.592168E+01
   7.704959E+00   4.593312E+01
   7.707889E+00   4.594787E+01
   7.681002E+00   4.595544E+01
   7.664172E+00   4.597348E+01
   7.640698E+00   4.596828E+01
   7.578641E+00   4.596809E+01
   7.577377E+00   4.598470E+01
   7.549411E+00   4.598323E+01
   7.550099E+00   4.596260E+01
   7.542351E+00   4.595184E+01
   7.501282E+00   4.595596E+01
   7.475733E+00   4.594714E+01
   7.476746E+00   4.593392E+01
   7.446415E+00   4.592959E+01
   7.425852E+00   4.591153E+01
   7.387613E+00   4.589465E+01
   7.323472E+00   4.590724E+01
   7.292965E+00   4.591802E+01
   7.270316E+00   4.588654E+01
   7.218930E+00   4.588623E+01
   7.203583E+00   4.586203E+01
   7.192356E+00   4.585670E+01
   7.165681E+00   4.586152E+01
   7.155891E+00   4.587623E+01
   7.137706E+00   4.587037E+01
   7.118827E+00   4.585658E+01
   7.095966E+00   4.585654E+01
   7.088965E+00   4.587097E+01
   7.033597E+00   4.592172E+01
   7.032134E+00   4.594941E+01
   6.996746E+00   4.596905E+01
   7.018507E+00   4.597878E+01
   6.981983E+00   4.600424E+01
   6.960655E+00   4.602862E+01
   6.948834E+00   4.604823E+01
   6.933659E+00   4.605319E+01
   6.929143E+00   4.606334E+01
   6.912852E+00   4.604912E+01
   6.892236E+00   4.603924E+01
   6.865885E+00   4.604772E+01
   6.875309E+00   4.606776E+01
   6.887118E+00   4.607500E+01
   6.879714E+00   4.609589E+01
   6.893169E+00   4.611953E+01
   6.849565E+00   4.612388E+01
   6.838999E+00   4.613075E+01
   6.814317E+00   4.612625E+01
   6.793889E+00   4.613741E+01
   6.787423E+00   4.615311E+01
   6.788943E+00   4.616330E+01
   6.808813E+00   4.618255E+01
   6.801101E+00   4.620590E+01
   6.819692E+00   4.623346E+01
   6.858565E+00   4.626728E+01
   6.856214E+00   4.628872E+01
   6.847315E+00   4.628842E+01
   6.827882E+00   4.630007E+01
   6.798366E+00   4.631789E+01
   6.783457E+00   4.633075E+01
   6.767780E+00   4.635444E+01
   6.772556E+00   4.636553E+01
   6.791439E+00   4.636920E+01
   6.803347E+00   4.638120E+01
   6.800108E+00   4.638625E+01
   6.803026E+00   4.639460E+01
   6.811611E+00   4.642529E+01
   6.423404E+00   4.641197E+01
   6.260833E+00   4.635759E+01
   6.223240E+00   4.631356E+01
   6.249590E+00   4.630289E+01
   6.254740E+00   4.628866E+01
   6.240406E+00   4.628088E+01
   6.250877E+00   4.626374E+01
   6.269159E+00   4.625015E+01
   6.298412E+00   4.626895E+01
   6.297269E+00   4.625763E+01
   6.311045E+00   4.625691E+01
   6.312160E+00   4.624406E+01
   6.296926E+00   4.622569E+01
   6.277742E+00   4.621539E+01
   6.246586E+00   4.620354E+01
   6.234870E+00   4.620556E+01
   6.216674E+00   4.619504E+01
   6.199293E+00   4.618310E+01
   6.188307E+00   4.617823E+01
   6.190410E+00   4.616640E+01
   6.176848E+00   4.615802E+01
   6.159553E+00   4.615237E+01
   6.145906E+00   4.614437E+01
   6.136808E+00   4.614120E+01
   6.128483E+00   4.613917E+01
   6.097240E+00   4.614279E+01
   6.090803E+00   4.615076E+01
   6.075182E+00   4.614803E+01
   6.052952E+00   4.614987E+01
   6.048574E+00   4.614077E+01
   6.035700E+00   4.613274E+01
   6.022139E+00   4.614018E+01
   5.989437E+00   4.614166E+01
   5.974760E+00   4.613036E+01
   5.955706E+00   4.612733E+01
   5.954418E+00   4.613251E+01
   5.964374E+00   4.613899E+01
   5.962400E+00   4.614455E+01
   5.980511E+00   4.617478E+01
   5.987549E+00   4.617415E+01
   5.992098E+00   4.618328E+01
   5.961885E+00   4.619733E+01
   5.972443E+00   4.621672E+01
   5.984030E+00   4.621851E+01
   5.991368E+00   4.622376E+01
   6.000724E+00   4.622257E+01
   6.011324E+00   4.623163E+01
   6.033059E+00   4.624150E+01
   6.043543E+00   4.623703E+01
   6.047502E+00   4.624110E+01
   6.063037E+00   4.624712E+01
   6.069689E+00   4.624347E+01
   6.087112E+00   4.624908E+01
   6.101575E+00   4.623917E+01
   6.119519E+00   4.625151E+01
   6.115142E+00   4.626298E+01
   6.100666E+00   4.627717E+01
   6.099477E+00   4.628581E+01
   6.117000E+00   4.629855E+01
   6.117187E+00   4.631399E+01
   6.133261E+00   4.633163E+01
   6.135798E+00   4.634083E+01
   6.153852E+00   4.635109E+01
   6.166257E+00   4.636728E+01
   6.157990E+00   4.637493E+01
   6.148610E+00   4.637473E+01
   6.116310E+00   4.639484E+01
   6.104739E+00   4.639677E+01
   6.095271E+00   4.640657E+01
   6.061044E+00   4.641535E+01
   6.083200E+00   4.644351E+01
   6.071820E+00   4.645203E+01
   6.070200E+00   4.646700E+01
   6.094740E+00   4.648334E+01
   6.110583E+00   4.651179E+01
   6.136590E+00   4.653365E+01
   6.143269E+00   4.653144E+01
   6.151334E+00   4.654530E+01
   6.108853E+00   4.657399E+01
   6.108283E+00   4.657847E+01
   6.124787E+00   4.659239E+01
   6.175200E+00   4.661747E+01
   6.197984E+00   4.663693E+01
   6.225741E+00   4.665061E+01
   6.264815E+00   4.667814E+01
   6.277505E+00   4.669255E+01
   6.350224E+00   4.671760E+01
   6.358786E+00   4.672579E+01
   6.366935E+00   4.672628E+01
   6.366388E+00   4.673183E+01
   6.387110E+00   4.673708E+01
   6.385733E+00   4.674486E+01
   6.394036E+00   4.675111E+01
   6.428819E+00   4.675925E+01
   6.449106E+00   4.677619E+01
   6.454212E+00   4.678742E+01
   6.432866E+00   4.679901E+01
   6.428279E+00   4.681240E+01
   6.437499E+00   4.681777E+01
   6.440620E+00   4.683432E+01
   6.457169E+00   4.685260E+01
   6.461458E+00   4.688959E+01
   6.433429E+00   4.691990E+01
   6.430797E+00   4.693104E+01
   6.447881E+00   4.693846E+01
   6.495368E+00   4.697689E+01
   6.505552E+00   4.696919E+01
   6.571352E+00   4.698499E+01
   6.592295E+00   4.699455E+01
   6.617483E+00   4.699461E+01
   6.638431E+00   4.700508E+01
   6.657711E+00   4.702989E+01
   6.678199E+00   4.703859E+01
   6.695423E+00   4.704008E+01
   6.707191E+00   4.704769E+01
   6.710661E+00   4.705097E+01
   6.706890E+00   4.705498E+01
   6.688618E+00   4.706626E+01
   6.702394E+00   4.707638E+01
   6.701027E+00   4.708449E+01
   6.725736E+00   4.709504E+01
   6.740054E+00   4.709342E+01
   6.743542E+00   4.709799E+01
   6.737729E+00   4.710514E+01
   6.738961E+00   4.711207E+01
   6.763439E+00   4.712318E+01
   6.801637E+00   4.713226E+01
   6.847801E+00   4.715893E+01
   6.850821E+00   4.716227E+01
   6.838496E+00   4.716710E+01
   6.838666E+00   4.717413E+01
   6.869327E+00   4.718827E+01
   6.877978E+00   4.720305E+01
   6.926911E+00   4.723164E+01
   6.939239E+00   4.723430E+01
   6.950066E+00   4.724440E+01
   6.943387E+00   4.725381E+01
   6.948400E+00   4.726944E+01
   6.937841E+00   4.728398E+01
   6.938784E+00   4.728899E+01
   6.950285E+00   4.729506E+01
   6.995558E+00   4.729906E+01
   7.006713E+00   4.730453E+01
   7.012973E+00   4.731460E+01
   7.006420E+00   4.731936E+01
   7.008125E+00   4.732684E+01
   7.044559E+00   4.732937E+01
   7.058083E+00   4.734260E+01
   7.047316E+00   4.734647E+01
   7.047133E+00   4.735934E+01
   7.016007E+00   4.736943E+01
   6.997330E+00   4.736073E+01
   6.975025E+00   4.735726E+01
   6.923866E+00   4.735208E+01
   6.903369E+00   4.735639E+01
   6.884576E+00   4.734950E+01
   6.876438E+00   4.735140E+01
   6.881630E+00   4.737511E+01
   6.893628E+00   4.738435E+01
   6.909573E+00   4.738819E+01
   6.906320E+00   4.739629E+01
   6.913339E+00   4.740131E+01
   6.911333E+00   4.740691E+01
   6.936466E+00   4.740894E+01
   6.938997E+00   4.743573E+01
   6.957899E+00   4.743706E+01
   6.969112E+00   4.744989E+01
   6.996087E+00   4.745381E+01
   6.996998E+00   4.746395E+01
   6.989623E+00   4.746428E+01
   6.983589E+00   4.747556E+01
   6.981256E+00   4.749702E+01
   7.021377E+00   4.750745E+01
   7.072788E+00   4.749536E+01
   7.111808E+00   4.749805E+01
   7.128109E+00   4.750668E+01
   7.162518E+00   4.749304E+01
   7.201873E+00   4.749714E+01
   7.205678E+00   4.748999E+01
   7.189606E+00   4.748097E+01
   7.175570E+00   4.744593E+01
   7.199986E+00   4.743804E+01
   7.230016E+00   4.744292E+01
   7.248631E+00   4.742540E+01
   7.282470E+00   4.743806E+01
   7.329923E+00   4.744482E+01
   7.355053E+00   4.743706E+01
   7.400167E+00   4.743847E+01
   7.418722E+00   4.744804E+01
   7.428610E+00   4.746210E+01
   7.443078E+00   4.746448E+01
   7.451224E+00   4.747190E+01
   7.418249E+00   4.747877E+01
   7.431800E+00   4.749986E+01
   7.463304E+00   4.749192E+01
   7.472194E+00   4.748347E+01
   7.486613E+00   4.748500E+01
   7.506785E+00   4.749911E+01
   7.506732E+00   4.750734E+01
   7.496797E+00   4.751437E+01
   7.495715E+00   4.752336E+01
   7.504691E+00   4.751790E+01
   7.520144E+00   4.751864E+01
   7.528064E+00   4.752797E+01
   7.508469E+00   4.752653E+01
   7.495430E+00   4.752948E+01
   7.498255E+00   4.754258E+01
   7.555145E+00   4.756753E+01
   7.554764E+00   4.757458E+01
   7.565564E+00   4.758053E+01
   7.581601E+00   4.757919E+01
   7.588061E+00   4.759264E+01
   7.606011E+00   4.758756E+01
   7.608103E+00   4.758101E+01
   7.619034E+00   4.758006E+01
   7.645154E+00   4.759991E+01
   7.673220E+00   4.759499E+01
   7.682228E+00   4.760141E+01
   7.696420E+00   4.760188E+01
   7.676445E+00   4.758697E+01
   7.692257E+00   4.757247E+01
   7.686141E+00   4.756498E+01
   7.676654E+00   4.756306E+01
   7.640948E+00   4.755860E+01
   7.650347E+00   4.754933E+01
   7.662663E+00   4.754652E+01
   7.668242E+00   4.753748E+01
   7.693262E+00   4.753366E+01
   7.720385E+00   4.754398E+01
   7.788277E+00   4.755626E+01
   7.808246E+00   4.757071E+01
   7.814569E+00   4.758656E+01
   7.822470E+00   4.759099E+01
   7.841144E+00   4.758511E+01
   7.864151E+00   4.758996E+01
   7.886553E+00   4.759071E+01
   7.902431E+00   4.758475E+01
   7.914190E+00   4.757004E+01
   7.910239E+00   4.756019E+01
   7.916250E+00   4.754965E+01
   7.948007E+00   4.754641E+01
   7.951183E+00   4.755573E+01
   7.959080E+00   4.756002E+01
   7.998733E+00   4.755811E+01
   8.023624E+00   4.755295E+01
   8.060274E+00   4.756477E+01
   8.070145E+00   4.756576E+01
   8.082075E+00   4.755933E+01
   8.098211E+00   4.756460E+01
   8.101730E+00   4.757641E+01
   8.110142E+00   4.758498E+01
   8.133144E+00   4.758527E+01
   8.136336E+00   4.759292E+01
   8.149366E+00   4.759800E+01
   8.184042E+00   4.760738E+01
   8.195543E+00   4.762028E+01
   8.204040E+00   4.762259E+01
   8.219919E+00   4.761988E+01
   8.223524E+00   4.761531E+01
   8.226099E+00   4.760593E+01
   8.231077E+00   4.760802E+01
   8.236227E+00   4.761403E+01
   8.260260E+00   4.761722E+01
   8.265254E+00   4.761240E+01
   8.281288E+00   4.761264E+01
   8.291759E+00   4.761027E+01
   8.299141E+00   4.760668E+01
   8.297939E+00   4.759216E+01
   8.301029E+00   4.758799E+01
   8.311672E+00   4.758434E+01
   8.329096E+00   4.757184E+01
   8.349094E+00   4.757189E+01
   8.381796E+00   4.756772E+01
   8.393297E+00   4.757739E+01
   8.401194E+00   4.757826E+01
   8.429260E+00   4.756778E+01
   8.456383E+00   4.757380E+01
   8.489591E+00   4.758270E+01
   8.465824E+00   4.758278E+01
   8.457928E+00   4.758805E+01
   8.454838E+00   4.760281E+01
   8.465361E+00   4.760577E+01
   8.477240E+00   4.761658E+01
   8.504915E+00   4.762032E+01
   8.515520E+00   4.763619E+01
   8.554230E+00   4.762983E+01
   8.577223E+00   4.761306E+01
   8.565886E+00   4.760078E+01
   8.580761E+00   4.759920E+01
   8.601976E+00   4.761440E+01
   8.594148E+00   4.762936E+01
   8.593545E+00   4.764513E+01
   8.607825E+00   4.765539E+01
   8.616219E+00   4.764926E+01
   8.614782E+00   4.764055E+01
   8.625900E+00   4.765100E+01
   8.607130E+00   4.766082E+01
   8.603000E+00   4.766951E+01
   8.577404E+00   4.765966E+01
   8.552148E+00   4.766629E+01
   8.532230E+00   4.764273E+01
   8.495223E+00   4.764142E+01
   8.471397E+00   4.763557E+01
   8.463946E+00   4.764084E+01
   8.461767E+00   4.765134E+01
   8.444808E+00   4.765088E+01
   8.422649E+00   4.766378E+01
   8.410209E+00   4.766423E+01
   8.402874E+00   4.767545E+01
   8.416313E+00   4.768483E+01
   8.402089E+00   4.769658E+01
   8.405663E+00   4.770385E+01
   8.415339E+00   4.771261E+01
   8.451649E+00   4.772566E+01
   8.446894E+00   4.773840E+01
   8.454332E+00   4.775095E+01
   8.487550E+00   4.777598E+01
   8.495249E+00   4.777381E+01
   8.510394E+00   4.777911E+01
   8.518954E+00   4.777470E+01
   8.525074E+00   4.778080E+01
   8.552392E+00   4.778744E+01
   8.565910E+00   4.778131E+01
   8.573011E+00   4.778322E+01
   8.558858E+00   4.779185E+01
   8.560621E+00   4.780601E+01
   8.567121E+00   4.781126E+01
   8.578200E+00   4.780297E+01
   8.601162E+00   4.780580E+01
   8.620555E+00   4.780042E+01
   8.624955E+00   4.779426E+01
   8.618013E+00   4.778427E+01
   8.625764E+00   4.777843E+01
   8.622474E+00   4.776904E+01
   8.630785E+00   4.776156E+01
   8.645760E+00   4.777193E+01
   8.643778E+00   4.779474E+01
   8.647696E+00   4.780113E+01
   8.656287E+00   4.780343E+01
   8.668912E+00   4.779046E+01
   8.683488E+00   4.778827E+01
   8.691276E+00   4.777443E+01
   8.687982E+00   4.776943E+01
   8.693044E+00   4.775946E+01
   8.714367E+00   4.776834E+01
   8.728896E+00   4.776504E+01
   8.743734E+00   4.775346E+01
   8.741151E+00   4.774401E+01
   8.724533E+00   4.774231E+01
   8.715409E+00   4.773273E+01
   8.719476E+00   4.772447E+01
   8.739040E+00   4.771748E+01
   8.729687E+00   4.769584E+01
   8.756724E+00   4.769266E+01
   8.789409E+00   4.767835E+01
   8.797828E+00   4.769402E+01
   8.795525E+00   4.769954E+01
   8.766918E+00   4.770635E+01
   8.767948E+00   4.771935E+01
   8.783998E+00   4.772859E+01
   8.795500E+00   4.772986E+01
   8.794384E+00   4.773511E+01
   8.806812E+00   4.774141E+01
   8.814850E+00   4.773157E+01
   8.813509E+00   4.772668E+01
   8.831485E+00   4.771572E+01
   8.874967E+00   4.770606E+01
   8.876641E+00   4.769262E+01
   8.860249E+00   4.769134E+01
   8.855085E+00   4.768385E+01
   8.868667E+00   4.767898E+01
   8.874807E+00   4.767079E+01
   8.877554E+00   4.765646E+01
   8.894977E+00   4.765024E+01
   8.938494E+00   4.765753E+01
   8.971796E+00   4.766984E+01
   8.977718E+00   4.767412E+01
   9.022522E+00   4.768879E+01
   9.069557E+00   4.768192E+01
   9.091959E+00   4.768203E+01
   9.138050E+00   4.766539E+01
   9.150238E+00   4.766920E+01
   9.158306E+00   4.766706E+01
   9.170751E+00   4.765643E+01
   9.262250E+00   4.766597E+01
   9.452705E+00   4.760223E+01
   9.568245E+00   4.754237E+01
   9.565311E+00   4.749657E+01
   9.583522E+00   4.748582E+01
   9.597750E+00   4.746532E+01
   9.609656E+00   4.747366E+01
   9.623248E+00   4.746031E+01
   9.660710E+00   4.745464E+01
   9.661527E+00   4.744702E+01
   9.647669E+00   4.743400E+01
   9.654854E+00   4.740735E+01
   9.674973E+00   4.739439E+01
   9.676794E+00   4.738336E+01
   9.662989E+00   4.736800E+01
   9.624784E+00   4.736253E+01
   9.607655E+00   4.734935E+01
   9.588454E+00   4.731299E+01
   9.558091E+00   4.729574E+01
   9.549161E+00   4.727871E+01
   9.533489E+00   4.726950E+01
   9.532795E+00   4.726121E+01
   9.504446E+00   4.721901E+01
   9.488935E+00   4.718250E+01
   9.494312E+00   4.716387E+01
   9.514632E+00   4.713311E+01
   9.522277E+00   4.709611E+01
   9.515156E+00   4.708312E+01
   9.474704E+00   4.706309E+01
   9.476499E+00   4.705781E+01
   9.484286E+00   4.705834E+01
   9.485192E+00   4.705347E+01
   9.490830E+00   4.705921E+01
   9.511608E+00   4.705980E+01
   9.539792E+00   4.706815E+01
   9.553406E+00   4.706125E+01
   9.558734E+00   4.705144E+01
   9.602887E+00   4.706472E+01
   9.633085E+00   4.705495E+01
   9.644730E+00   4.706323E+01
   9.681312E+00   4.706588E+01
   9.689906E+00   4.705877E+01
   9.708678E+00   4.705658E+01
   9.719523E+00   4.704726E+01
   9.742197E+00   4.704619E+01
   9.749419E+00   4.704044E+01
   9.786122E+00   4.704206E+01
   9.837007E+00   4.701626E+01
   9.859677E+00   4.702664E+01
   9.877088E+00   4.702473E+01
   9.883816E+00   4.701790E+01
   9.875096E+00   4.701069E+01
   9.891027E+00   4.700331E+01
   9.895460E+00   4.699083E+01
   9.875189E+00   4.696415E+01
   9.881644E+00   4.695827E+01
   9.878977E+00   4.694966E+01
   9.882657E+00   4.693803E+01
   9.938350E+00   4.691674E+01
   9.978544E+00   4.691928E+01
   9.991468E+00   4.690596E+01
   1.000514E+01   4.690246E+01
   1.001961E+01   4.690510E+01
   1.005426E+01   4.687927E+01
   1.005562E+01   4.686524E+01
   1.008899E+01   4.686447E+01
   1.010578E+01   4.684444E+01
   1.012249E+01   4.685148E+01
   1.016782E+01   4.685372E+01
   1.019370E+01   4.686929E+01
   1.022735E+01   4.686915E+01
   1.023120E+01   4.688394E+01
   1.022274E+01   4.689688E+01
   1.023839E+01   4.691944E+01
   1.023887E+01   4.693377E+01
   1.029571E+01   4.692388E+01
   1.031344E+01   4.692828E+01
   1.030396E+01   4.693783E+01
   1.030451E+01   4.694855E+01
   1.030823E+01   4.695325E+01
   1.032523E+01   4.695670E+01
   1.032754E+01   4.696789E+01
   1.034378E+01   4.699153E+01
   1.035474E+01   4.699545E+01
   1.037042E+01   4.699375E+01
   1.038399E+01   4.700289E+01
   1.039957E+01   4.699995E+01
   1.042890E+01   4.697732E+01
   1.042816E+01   4.695967E+01
   1.045660E+01   4.695580E+01
   1.049194E+01   4.693876E+01
   1.048881E+01   4.691407E+01
   1.046952E+01   4.688491E+01
   1.047398E+01   4.687276E+01
   1.047255E+01   4.684745E+01
   1.046187E+01   4.682918E+01
   1.046179E+01   4.681594E+01
   1.045114E+01   4.679986E+01
   1.043267E+01   4.679491E+01
   1.042946E+01   4.679010E+01
   1.044563E+01   4.677341E+01
   1.044651E+01   4.675394E+01
   1.040636E+01   4.673328E+01
   1.042164E+01   4.672056E+01
   1.042138E+01   4.671411E+01
   1.041622E+01   4.670557E+01
   1.040559E+01   4.670317E+01
   1.039032E+01   4.668178E+01
   1.040549E+01   4.663990E+01
   1.044758E+01   4.664491E+01
   1.049584E+01   4.661746E+01
   1.048832E+01   4.660473E+01
   1.048952E+01   4.658571E+01
   1.047879E+01   4.656629E+01
   1.048134E+01   4.655724E+01
   1.047478E+01   4.654132E+01
   1.046362E+01   4.653900E+01
   1.045263E+01   4.652713E+01
   1.041792E+01   4.654817E+01
   1.039682E+01   4.654102E+01
   1.035344E+01   4.655247E+01
   1.033852E+01   4.653990E+01
   1.032572E+01   4.654840E+01
   1.031211E+01   4.654387E+01
   1.029548E+01   4.654713E+01
   1.028514E+01   4.656782E+01
   1.026869E+01   4.657435E+01
   1.025404E+01   4.656851E+01
   1.024398E+01   4.657336E+01
   1.023746E+01   4.659292E+01
   1.025406E+01   4.661086E+01
   1.023711E+01   4.663135E+01
   1.022607E+01   4.662663E+01
   1.021568E+01   4.661448E+01
   1.018916E+01   4.662247E+01
   1.012817E+01   4.660229E+01
   1.010428E+01   4.660773E+01
   1.010030E+01   4.659453E+01
   1.010306E+01   4.658087E+01
   1.009672E+01   4.657456E+01
   1.008425E+01   4.657249E+01
   1.008787E+01   4.656562E+01
   1.007421E+01   4.655703E+01
   1.007015E+01   4.654818E+01
   1.004691E+01   4.653911E+01
   1.005612E+01   4.653297E+01
   1.005679E+01   4.651879E+01
   1.005391E+01   4.651153E+01
   1.004582E+01   4.650749E+01
   1.005178E+01   4.649968E+01
   1.004579E+01   4.647977E+01
   1.005386E+01   4.647383E+01
   1.005715E+01   4.646420E+01
   1.004389E+01   4.644501E+01
   1.005792E+01   4.644331E+01
   1.006339E+01   4.642981E+01
   1.007762E+01   4.643119E+01
   1.008316E+01   4.642464E+01
   1.009853E+01   4.642442E+01
   1.010689E+01   4.643118E+01
   1.011559E+01   4.642884E+01
   1.012922E+01   4.643484E+01
   1.014446E+01   4.643101E+01
   1.015135E+01   4.641673E+01
   1.016197E+01   4.641813E+01
   1.016856E+01   4.640870E+01
   1.016418E+01   4.638567E+01
   1.014280E+01   4.638299E+01
   1.013077E+01   4.637618E+01
   1.013179E+01   4.635943E+01
   1.011175E+01   4.634952E+01
   1.010817E+01   4.633705E+01
   1.011902E+01   4.631610E+01
   1.013999E+01   4.630750E+01
   1.014242E+01   4.630096E+01
   1.015699E+01   4.629407E+01
   1.017941E+01   4.625899E+01
   1.014773E+01   4.622838E+01
   1.013325E+01   4.622220E+01
   1.009469E+01   4.622560E+01
   1.007031E+01   4.621418E+01
   1.004204E+01   4.622736E+01
   1.004199E+01   4.623264E+01
   1.005124E+01   4.623772E+01
   1.005715E+01   4.624997E+01
   1.005323E+01   4.626388E+01
   9.993526E+00   4.628300E+01
   9.988696E+00   4.629607E+01
   9.996499E+00   4.630250E+01
   9.996337E+00   4.631090E+01
   9.977296E+00   4.632287E+01
   9.992149E+00   4.634932E+01
   9.983910E+00   4.634908E+01
   9.962863E+00   4.636131E+01
   9.952891E+00   4.637625E+01
   9.935632E+00   4.637203E+01
   9.932814E+00   4.636561E+01
   9.925194E+00   4.636300E+01
   9.906541E+00   4.637753E+01
   9.869326E+00   4.635955E+01
   9.834166E+00   4.635794E+01
   9.821065E+00   4.634780E+01
   9.777525E+00   4.633190E+01
   9.737432E+00   4.634756E+01
   9.727196E+00   4.634089E+01
   9.729796E+00   4.633139E+01
   9.720634E+00   4.632408E+01
   9.728976E+00   4.632017E+01
   9.727222E+00   4.630883E+01
   9.715754E+00   4.629086E+01
   9.710104E+00   4.628905E+01
   9.688016E+00   4.629064E+01
   9.675687E+00   4.629948E+01
   9.670548E+00   4.629348E+01
   9.634027E+00   4.628322E+01
   9.617791E+00   4.628462E+01
   9.608367E+00   4.629133E+01
   9.578475E+00   4.629228E+01
   9.557763E+00   4.630348E+01
   9.548402E+00   4.629966E+01
   9.516129E+00   4.632519E+01
   9.494331E+00   4.636207E+01
   9.458488E+00   4.637477E+01
   9.463587E+00   4.639664E+01
   9.451440E+00   4.642054E+01
   9.457177E+00   4.644301E+01
   9.456353E+00   4.646422E+01
   9.462119E+00   4.646902E+01
   9.460635E+00   4.647741E+01
   9.448212E+00   4.647736E+01
   9.446125E+00   4.648434E+01
   9.458001E+00   4.648760E+01
   9.458180E+00   4.650447E+01
   9.436941E+00   4.649582E+01
   9.428244E+00   4.648815E+01
   9.426506E+00   4.647422E+01
   9.409544E+00   4.646382E+01
   9.388385E+00   4.647051E+01
   9.382465E+00   4.647981E+01
   9.374412E+00   4.648244E+01
   9.365526E+00   4.649326E+01
   9.370222E+00   4.650165E+01
   9.363269E+00   4.650613E+01
   9.355661E+00   4.650130E+01
   9.311349E+00   4.650104E+01
   9.284334E+00   4.649389E+01
   9.277932E+00   4.648275E+01
   9.276819E+00   4.646671E+01
   9.280879E+00   4.646019E+01
   9.267423E+00   4.644879E+01
   9.252829E+00   4.644640E+01
   9.250948E+00   4.643560E+01
   9.283557E+00   4.641444E+01
   9.285434E+00   4.640438E+01
   9.279620E+00   4.639443E+01
   9.287417E+00   4.638540E+01
   9.280019E+00   4.636952E+01
   9.284388E+00   4.636070E+01
   9.298813E+00   4.635713E+01
   9.302889E+00   4.634309E+01
   9.295225E+00   4.633606E+01
   9.302878E+00   4.632617E+01
   9.297138E+00   4.631558E+01
   9.285381E+00   4.630909E+01
   9.287026E+00   4.629508E+01
   9.262438E+00   4.627683E+01
   9.255164E+00   4.626546E+01
   9.251019E+00   4.623241E+01
   9.224499E+00   4.622661E+01
   9.221000E+00   4.621232E+01
   9.204479E+00   4.620606E+01
   9.197359E+00   4.617826E+01
   9.185391E+00   4.616798E+01
   9.162664E+00   4.616803E+01
   9.158572E+00   4.615975E+01
   9.136728E+00   4.615092E+01
   9.122415E+00   4.613204E+01
   9.076270E+00   4.611663E+01
   9.092628E+00   4.608737E+01
   9.081595E+00   4.607398E+01
   9.078476E+00   4.606164E+01
   9.050129E+00   4.605945E+01
   9.021443E+00   4.604873E+01
   9.012299E+00   4.603570E+01
   9.012167E+00   4.602862E+01
   9.025200E+00   4.601803E+01
   9.031479E+00   4.599247E+01
   9.014172E+00   4.598492E+01
   9.009438E+00   4.597767E+01
   8.998826E+00   4.597716E+01
   8.996138E+00   4.596899E+01
   9.016357E+00   4.596220E+01
   9.020121E+00   4.594896E+01
   9.016799E+00   4.594369E+01
   9.024888E+00   4.593935E+01
   9.023447E+00   4.593206E+01
   9.061309E+00   4.592347E+01
   9.062450E+00   4.591818E+01
   9.078418E+00   4.591356E+01
   9.089899E+00   4.590339E+01
   9.091272E+00   4.589736E+01
   9.078913E+00   4.588242E+01
   9.067583E+00   4.587459E+01
   9.057970E+00   4.587334E+01
   9.053078E+00   4.585158E+01
   9.040675E+00   4.584396E+01
   9.038701E+00   4.583565E+01
   9.035826E+00   4.582001E+01
   9.016428E+00   4.581642E+01
END
END
