none
1
   4.482950E+01   3.961401E+01
   4.482072E+01   3.960943E+01
   4.458973E+01   3.975498E+01
   4.450664E+01   3.968790E+01
   4.445536E+01   3.941875E+01
   4.441366E+01   3.939698E+01
   4.430099E+01   3.936403E+01
   4.407715E+01   3.936509E+01
   4.423370E+01   3.913645E+01
   4.434082E+01   3.881189E+01
   4.435318E+01   3.840948E+01
   4.455093E+01   3.837181E+01
   4.428177E+01   3.791929E+01
   4.465805E+01   3.778808E+01
   4.463470E+01   3.746723E+01
   4.485992E+01   3.731338E+01
   4.480087E+01   3.712638E+01
   4.432297E+01   3.694441E+01
   4.422546E+01   3.697952E+01
   4.416092E+01   3.709572E+01
   4.422546E+01   3.725220E+01
   4.403046E+01   3.730355E+01
   4.393845E+01   3.719861E+01
   4.384369E+01   3.717892E+01
   4.279312E+01   3.732867E+01
   4.258696E+01   3.714267E+01
   4.234955E+01   3.709983E+01
   4.230698E+01   3.718384E+01
   4.230972E+01   3.724181E+01
   4.219162E+01   3.728061E+01
   4.210098E+01   3.720244E+01
   4.194992E+01   3.714445E+01
   4.152420E+01   3.706230E+01
   4.126946E+01   3.707353E+01
   4.121830E+01   3.705874E+01
   4.116852E+01   3.706394E+01
   4.078399E+01   3.710558E+01
   4.039123E+01   3.696306E+01
   4.018387E+01   3.686314E+01
   3.983230E+01   3.674659E+01
   3.952194E+01   3.669045E+01
   3.921570E+01   3.665961E+01
   3.906292E+01   3.670063E+01
   3.889641E+01   3.669650E+01
   3.872372E+01   3.670366E+01
   3.858707E+01   3.680324E+01
   3.854931E+01   3.684061E+01
   3.839001E+01   3.689720E+01
   3.833233E+01   3.689843E+01
   3.821354E+01   3.690433E+01
   3.802128E+01   3.682358E+01
   3.799210E+01   3.682660E+01
   3.790901E+01   3.678922E+01
   3.778404E+01   3.674576E+01
   3.778095E+01   3.674191E+01
   3.765942E+01   3.673723E+01
   3.747059E+01   3.662848E+01
   3.716228E+01   3.665355E+01
   3.710976E+01   3.666622E+01
   3.708881E+01   3.662958E+01
   3.705242E+01   3.664418E+01
   3.701157E+01   3.666429E+01
   3.697243E+01   3.674769E+01
   3.668404E+01   3.681808E+01
   3.656628E+01   3.648148E+01
   3.669571E+01   3.629742E+01
   3.671287E+01   3.624095E+01
   3.663116E+01   3.620661E+01
   3.640594E+01   3.618167E+01
   3.640457E+01   3.601412E+01
   3.617592E+01   3.580835E+01
   3.614639E+01   3.579888E+01
   3.598846E+01   3.588015E+01
   3.590126E+01   3.592687E+01
   3.465377E+01   3.601597E+01
   3.279914E+01   3.571700E+01
   2.974462E+01   3.582300E+01
   2.961708E+01   3.606298E+01
   2.960970E+01   3.616671E+01
   2.958567E+01   3.616768E+01
   2.930466E+01   3.604355E+01
   2.843674E+01   3.661994E+01
   2.792038E+01   3.640250E+01
   2.788742E+01   3.668274E+01
   2.781703E+01   3.668298E+01
   2.773825E+01   3.657770E+01
   2.753311E+01   3.654054E+01
   2.727768E+01   3.657584E+01
   2.720215E+01   3.675099E+01
   2.738205E+01   3.684886E+01
   2.737106E+01   3.690928E+01
   2.719871E+01   3.693398E+01
   2.709503E+01   3.700749E+01
   2.711975E+01   3.712748E+01
   2.714893E+01   3.727897E+01
   2.705589E+01   3.738598E+01
   2.703323E+01   3.748303E+01
   2.691994E+01   3.758649E+01
   2.692268E+01   3.764197E+01
   2.699410E+01   3.769876E+01
   2.707718E+01   3.770691E+01
   2.713486E+01   3.780327E+01
   2.624044E+01   3.809057E+01
   2.615610E+01   3.825388E+01
   2.620926E+01   3.844714E+01
   2.632324E+01   3.849444E+01
   2.613070E+01   3.862862E+01
   2.623209E+01   3.876408E+01
   2.658495E+01   3.882807E+01
   2.668579E+01   3.906185E+01
   2.648666E+01   3.926310E+01
   2.641836E+01   3.941412E+01
   2.608566E+01   3.937996E+01
   2.587967E+01   3.933430E+01
   2.552398E+01   4.017258E+01
   2.583710E+01   4.038735E+01
   2.591263E+01   4.069522E+01
   2.602936E+01   4.073893E+01
   2.622557E+01   4.089652E+01
   2.632462E+01   4.099363E+01
   2.630436E+01   4.107573E+01
   2.629887E+01   4.111557E+01
   2.630264E+01   4.118021E+01
   2.631123E+01   4.124297E+01
   2.631981E+01   4.125613E+01
   2.634384E+01   4.126568E+01
   2.640049E+01   4.126490E+01
   2.645954E+01   4.130128E+01
   2.651653E+01   4.134511E+01
   2.661678E+01   4.133944E+01
   2.662674E+01   4.138505E+01
   2.659996E+01   4.142651E+01
   2.658726E+01   4.148466E+01
   2.658073E+01   4.159722E+01
   2.651619E+01   4.162109E+01
   2.644718E+01   4.167445E+01
   2.638126E+01   4.168702E+01
   2.632187E+01   4.173494E+01
   2.633388E+01   4.178130E+01
   2.636581E+01   4.182506E+01
   2.653130E+01   4.182890E+01
   2.655464E+01   4.193038E+01
   2.662262E+01   4.198859E+01
   2.694809E+01   4.200977E+01
   2.702396E+01   4.209415E+01
   2.727150E+01   4.212344E+01
   2.738960E+01   4.205057E+01
   2.745071E+01   4.198119E+01
   2.756847E+01   4.194621E+01
   2.769070E+01   4.198450E+01
   2.786133E+01   4.201283E+01
   2.803265E+01   4.198470E+01
   2.837219E+01   4.200900E+01
   3.479984E+01   4.307481E+01
   4.130585E+01   4.162982E+01
   4.155922E+01   4.152760E+01
   4.171509E+01   4.150498E+01
   4.182495E+01   4.145920E+01
   4.195061E+01   4.153274E+01
   4.206528E+01   4.150909E+01
   4.217771E+01   4.151950E+01
   4.228003E+01   4.149739E+01
   4.240036E+01   4.146897E+01
   4.248688E+01   4.144826E+01
   4.257099E+01   4.156743E+01
   4.261356E+01   4.159927E+01
   4.269321E+01   4.160928E+01
   4.283947E+01   4.159722E+01
   4.291191E+01   4.150704E+01
   4.321472E+01   4.131495E+01
   4.325935E+01   4.122308E+01
   4.346260E+01   4.120087E+01
   4.349007E+01   4.112230E+01
   4.369537E+01   4.093323E+01
   4.373108E+01   4.081329E+01
   4.376335E+01   4.072593E+01
   4.375339E+01   4.067491E+01
   4.365864E+01   4.052737E+01
   4.355839E+01   4.047490E+01
   4.362327E+01   4.043859E+01
   4.363495E+01   4.031330E+01
   4.369400E+01   4.026067E+01
   4.372181E+01   4.016051E+01
   4.365623E+01   4.014581E+01
   4.366001E+01   4.011353E+01
   4.377022E+01   4.008910E+01
   4.392746E+01   4.003261E+01
   4.407921E+01   4.003892E+01
   4.424400E+01   4.005495E+01
   4.431885E+01   4.004785E+01
   4.446167E+01   3.998843E+01
   4.454784E+01   3.992606E+01
   4.459385E+01   3.986680E+01
   4.470371E+01   3.979535E+01
   4.483555E+01   3.966280E+01
   4.482950E+01   3.961401E+01
END
END
