none
1
   3.019592E+01   4.496480E+01
   2.984539E+01   4.517381E+01
   2.963768E+01   4.519147E+01
   2.965622E+01   4.531256E+01
   2.955769E+01   4.539917E+01
   2.954361E+01   4.540689E+01
   2.942551E+01   4.542785E+01
   2.929024E+01   4.542496E+01
   2.919788E+01   4.541219E+01
   2.917308E+01   4.539309E+01
   2.899249E+01   4.533127E+01
   2.896434E+01   4.532608E+01
   2.895198E+01   4.530852E+01
   2.895945E+01   4.529385E+01
   2.895378E+01   4.528280E+01
   2.894142E+01   4.527368E+01
   2.891773E+01   4.527923E+01
   2.884460E+01   4.531136E+01
   2.882452E+01   4.532988E+01
   2.881817E+01   4.533284E+01
   2.880881E+01   4.531407E+01
   2.880598E+01   4.530242E+01
   2.879225E+01   4.529010E+01
   2.875560E+01   4.527960E+01
   2.876607E+01   4.526552E+01
   2.879800E+01   4.525942E+01
   2.879688E+01   4.524202E+01
   2.878744E+01   4.523610E+01
   2.874332E+01   4.523054E+01
   2.870415E+01   4.521873E+01
   2.855072E+01   4.524419E+01
   2.850437E+01   4.526691E+01
   2.845425E+01   4.528189E+01
   2.833786E+01   4.531208E+01
   2.820620E+01   4.546507E+01
   2.821907E+01   4.547975E+01
   2.825169E+01   4.551609E+01
   2.830387E+01   4.555048E+01
   2.844669E+01   4.550839E+01
   2.848909E+01   4.557248E+01
   2.853922E+01   4.558281E+01
   2.848308E+01   4.565929E+01
   2.847811E+01   4.568088E+01
   2.851707E+01   4.574261E+01
   2.858479E+01   4.577447E+01
   2.862479E+01   4.576752E+01
   2.869560E+01   4.581923E+01
   2.875912E+01   4.597048E+01
   2.897919E+01   4.601604E+01
   2.894382E+01   4.609419E+01
   2.905403E+01   4.619528E+01
   2.894897E+01   4.625727E+01
   2.898262E+01   4.631955E+01
   2.899644E+01   4.632061E+01
   2.899249E+01   4.633555E+01
   2.898520E+01   4.634254E+01
   2.896202E+01   4.637808E+01
   2.892563E+01   4.645773E+01
   2.896314E+01   4.646843E+01
   2.898022E+01   4.649059E+01
   2.903798E+01   4.650678E+01
   2.915943E+01   4.654824E+01
   2.923874E+01   4.656169E+01
   2.925934E+01   4.648657E+01
   2.926346E+01   4.641490E+01
   2.929230E+01   4.641845E+01
   2.930981E+01   4.648847E+01
   2.935124E+01   4.650887E+01
   2.938573E+01   4.645121E+01
   2.944835E+01   4.650143E+01
   2.950413E+01   4.646411E+01
   2.950584E+01   4.643857E+01
   2.961948E+01   4.640093E+01
   2.965819E+01   4.643673E+01
   2.968008E+01   4.644359E+01
   2.969012E+01   4.643301E+01
   2.972497E+01   4.646748E+01
   2.974136E+01   4.647570E+01
   2.977878E+01   4.645536E+01
   2.986977E+01   4.636612E+01
   2.993431E+01   4.640236E+01
   3.006271E+01   4.640259E+01
   3.009533E+01   4.638791E+01
   3.013206E+01   4.640827E+01
   3.005559E+01   4.642407E+01
   3.005147E+01   4.643951E+01
   3.002190E+01   4.644117E+01
   3.001087E+01   4.644850E+01
   2.993534E+01   4.649189E+01
   2.991526E+01   4.650808E+01
   2.989551E+01   4.651848E+01
   2.987234E+01   4.654765E+01
   2.993980E+01   4.655626E+01
   2.993362E+01   4.658282E+01
   2.995440E+01   4.659980E+01
   2.994221E+01   4.664755E+01
   2.997259E+01   4.675315E+01
   2.996366E+01   4.675668E+01
   2.996384E+01   4.677009E+01
   2.993088E+01   4.680664E+01
   2.996933E+01   4.682438E+01
   2.995645E+01   4.683659E+01
   2.990547E+01   4.681851E+01
   2.986324E+01   4.687568E+01
   2.974737E+01   4.685855E+01
   2.971355E+01   4.692096E+01
   2.964592E+01   4.691674E+01
   2.956833E+01   4.693807E+01
   2.955116E+01   4.696010E+01
   2.959167E+01   4.696549E+01
   2.959408E+01   4.706849E+01
   2.952644E+01   4.707269E+01
   2.949520E+01   4.710776E+01
   2.948696E+01   4.713439E+01
   2.956936E+01   4.714163E+01
   2.954739E+01   4.725290E+01
   2.959476E+01   4.725896E+01
   2.957005E+01   4.736650E+01
   2.949898E+01   4.735464E+01
   2.948971E+01   4.730112E+01
   2.942825E+01   4.728971E+01
   2.939564E+01   4.729809E+01
   2.937160E+01   4.737022E+01
   2.933384E+01   4.736766E+01
   2.931358E+01   4.744550E+01
   2.929058E+01   4.743552E+01
   2.925041E+01   4.741310E+01
   2.918827E+01   4.742042E+01
   2.915428E+01   4.745874E+01
   2.911411E+01   4.755475E+01
   2.918510E+01   4.758243E+01
   2.921539E+01   4.769890E+01
   2.919994E+01   4.771762E+01
   2.923410E+01   4.778813E+01
   2.921677E+01   4.779794E+01
   2.919445E+01   4.781869E+01
   2.921968E+01   4.786247E+01
   2.926432E+01   4.787687E+01
   2.927762E+01   4.788855E+01
   2.919874E+01   4.788239E+01
   2.917248E+01   4.799176E+01
   2.910690E+01   4.797062E+01
   2.908836E+01   4.794395E+01
   2.902279E+01   4.793981E+01
   2.896271E+01   4.797476E+01
   2.892494E+01   4.795728E+01
   2.883259E+01   4.803356E+01
   2.883568E+01   4.812141E+01
   2.868565E+01   4.812279E+01
   2.864513E+01   4.814227E+01
   2.856377E+01   4.816929E+01
   2.850986E+01   4.812714E+01
   2.850231E+01   4.806432E+01
   2.848884E+01   4.806300E+01
   2.847922E+01   4.806982E+01
   2.846266E+01   4.807240E+01
   2.845013E+01   4.807842E+01
   2.843571E+01   4.809482E+01
   2.841957E+01   4.812096E+01
   2.841768E+01   4.812898E+01
   2.842841E+01   4.813740E+01
   2.843193E+01   4.815463E+01
   2.838387E+01   4.817296E+01
   2.837288E+01   4.816082E+01
   2.836601E+01   4.814181E+01
   2.832378E+01   4.812531E+01
   2.830215E+01   4.813814E+01
   2.830404E+01   4.816070E+01
   2.831091E+01   4.816528E+01
   2.836000E+01   4.819630E+01
   2.836739E+01   4.821095E+01
   2.829803E+01   4.823656E+01
   2.828722E+01   4.823016E+01
   2.821958E+01   4.820420E+01
   2.818800E+01   4.820294E+01
   2.817719E+01   4.823634E+01
   2.818508E+01   4.825051E+01
   2.817513E+01   4.825657E+01
   2.810440E+01   4.822650E+01
   2.807728E+01   4.823622E+01
   2.807676E+01   4.825703E+01
   2.808826E+01   4.828445E+01
   2.806011E+01   4.832133E+01
   2.804415E+01   4.832373E+01
   2.796209E+01   4.832156E+01
   2.787523E+01   4.836902E+01
   2.787695E+01   4.839547E+01
   2.786356E+01   4.840687E+01
   2.781790E+01   4.841826E+01
   2.779129E+01   4.844048E+01
   2.774769E+01   4.845573E+01
   2.770838E+01   4.844879E+01
   2.768606E+01   4.843934E+01
   2.765448E+01   4.843843E+01
   2.762135E+01   4.844458E+01
   2.758547E+01   4.846256E+01
   2.758650E+01   4.846996E+01
   2.759079E+01   4.847543E+01
   2.760057E+01   4.848567E+01
   2.759903E+01   4.848908E+01
   2.758650E+01   4.849079E+01
   2.757689E+01   4.848692E+01
   2.750341E+01   4.845334E+01
   2.747852E+01   4.845118E+01
   2.744814E+01   4.840812E+01
   2.737501E+01   4.840835E+01
   2.737089E+01   4.844002E+01
   2.732489E+01   4.844036E+01
   2.728455E+01   4.836047E+01
   2.720266E+01   4.837917E+01
   2.713829E+01   4.837256E+01
   2.711838E+01   4.837872E+01
   2.707443E+01   4.842556E+01
   2.704800E+01   4.837176E+01
   2.699581E+01   4.835842E+01
   2.693127E+01   4.836081E+01
   2.683342E+01   4.841166E+01
   2.677231E+01   4.840664E+01
   2.673901E+01   4.838521E+01
   2.678913E+01   4.834963E+01
   2.680767E+01   4.835397E+01
   2.682827E+01   4.834598E+01
   2.684132E+01   4.829279E+01
   2.679394E+01   4.828936E+01
   2.669815E+01   4.832430E+01
   2.663635E+01   4.826034E+01
   2.663532E+01   4.824205E+01
   2.657387E+01   4.821781E+01
   2.640427E+01   4.818646E+01
   2.633114E+01   4.817914E+01
   2.633903E+01   4.816219E+01
   2.629612E+01   4.812141E+01
   2.627071E+01   4.807601E+01
   2.621716E+01   4.804366E+01
   2.619999E+01   4.799567E+01
   2.614849E+01   4.798372E+01
   2.610214E+01   4.797590E+01
   2.606232E+01   4.798682E+01
   2.594971E+01   4.796878E+01
   2.592087E+01   4.797476E+01
   2.591023E+01   4.796188E+01
   2.577701E+01   4.793705E+01
   2.563282E+01   4.794671E+01
   2.559265E+01   4.793590E+01
   2.530872E+01   4.790783E+01
   2.522633E+01   4.785694E+01
   2.517208E+01   4.779171E+01
   2.511646E+01   4.775202E+01
   2.504024E+01   4.772339E+01
   2.488026E+01   4.772016E+01
   2.466396E+01   4.786086E+01
   2.455856E+01   4.794211E+01
   2.422039E+01   4.789218E+01
   2.410812E+01   4.791358E+01
   2.397114E+01   4.796004E+01
   2.394264E+01   4.794625E+01
   2.388762E+01   4.794113E+01
   2.386634E+01   4.793049E+01
   2.384857E+01   4.793337E+01
   2.381561E+01   4.797705E+01
   2.376995E+01   4.799107E+01
   2.365768E+01   4.798073E+01
   2.363520E+01   4.799739E+01
   2.356584E+01   4.800129E+01
   2.353168E+01   4.800991E+01
   2.350010E+01   4.795705E+01
   2.341083E+01   4.798510E+01
   2.331333E+01   4.802254E+01
   2.320209E+01   4.809276E+01
   2.315918E+01   4.810881E+01
   2.309361E+01   4.800279E+01
   2.301121E+01   4.798671E+01
   2.295662E+01   4.800623E+01
   2.295113E+01   4.796441E+01
   2.289345E+01   4.794809E+01
   2.282513E+01   4.798694E+01
   2.287251E+01   4.804366E+01
   2.283268E+01   4.807946E+01
   2.281311E+01   4.810514E+01
   2.271080E+01   4.810858E+01
   2.266857E+01   4.808542E+01
   2.258480E+01   4.810445E+01
   2.254086E+01   4.820408E+01
   2.243683E+01   4.824502E+01
   2.238396E+01   4.823085E+01
   2.236679E+01   4.824343E+01
   2.233246E+01   4.827840E+01
   2.223633E+01   4.838727E+01
   2.222088E+01   4.841462E+01
   2.217350E+01   4.841166E+01
   2.215427E+01   4.840026E+01
   2.213402E+01   4.840345E+01
   2.213264E+01   4.843034E+01
   2.215565E+01   4.857002E+01
   2.218552E+01   4.861135E+01
   2.230705E+01   4.868393E+01
   2.233658E+01   4.868892E+01
   2.233692E+01   4.876253E+01
   2.238327E+01   4.887239E+01
   2.241795E+01   4.892498E+01
   2.247356E+01   4.899261E+01
   2.251579E+01   4.901085E+01
   2.255905E+01   4.910287E+01
   2.261433E+01   4.909478E+01
   2.265656E+01   4.905835E+01
   2.276745E+01   4.905700E+01
   2.283714E+01   4.902729E+01
   2.285293E+01   4.900500E+01
   2.287422E+01   4.900793E+01
   2.285740E+01   4.904800E+01
   2.286976E+01   4.909410E+01
   2.282856E+01   4.910961E+01
   2.270428E+01   4.916779E+01
   2.272522E+01   4.938952E+01
   2.262703E+01   4.952744E+01
   2.279388E+01   4.969118E+01
   2.294598E+01   4.980653E+01
   2.296657E+01   4.983998E+01
   2.299438E+01   4.984374E+01
   2.311214E+01   4.995785E+01
   2.321239E+01   5.004854E+01
   2.327557E+01   5.010098E+01
   2.342594E+01   5.018657E+01
   2.346748E+01   5.022019E+01
   2.350800E+01   5.023381E+01
   2.357906E+01   5.026718E+01
   2.358784E+01   5.027409E+01
   2.361099E+01   5.030009E+01
   2.363708E+01   5.032135E+01
   2.370283E+01   5.037755E+01
   2.372292E+01   5.038882E+01
   2.378574E+01   5.040589E+01
   2.394058E+01   5.041618E+01
   2.399414E+01   5.041486E+01
   2.400169E+01   5.043652E+01
   2.402950E+01   5.044614E+01
   2.408443E+01   5.055903E+01
   2.408581E+01   5.063248E+01
   2.405937E+01   5.067732E+01
   2.406178E+01   5.071103E+01
   2.401817E+01   5.071646E+01
   2.394917E+01   5.078792E+01
   2.395844E+01   5.081461E+01
   2.398830E+01   5.084150E+01
   2.402813E+01   5.084389E+01
   2.409302E+01   5.083847E+01
   2.412752E+01   5.085082E+01
   2.414125E+01   5.086394E+01
   2.411533E+01   5.086903E+01
   2.409714E+01   5.087585E+01
   2.405147E+01   5.089015E+01
   2.399500E+01   5.092674E+01
   2.396702E+01   5.095096E+01
   2.391243E+01   5.100555E+01
   2.390350E+01   5.106772E+01
   2.387157E+01   5.107635E+01
   2.385406E+01   5.110180E+01
   2.383587E+01   5.115523E+01
   2.381905E+01   5.115975E+01
   2.380325E+01   5.118020E+01
   2.373322E+01   5.121183E+01
   2.369202E+01   5.128339E+01
   2.364601E+01   5.128576E+01
   2.363228E+01   5.131967E+01
   2.363193E+01   5.132782E+01
   2.368618E+01   5.141698E+01
   2.364206E+01   5.144780E+01
   2.364464E+01   5.146107E+01
   2.366747E+01   5.147433E+01
   2.363846E+01   5.148384E+01
   2.361185E+01   5.149688E+01
   2.364086E+01   5.157963E+01
   2.359983E+01   5.162015E+01
   2.367725E+01   5.165595E+01
   2.378300E+01   5.167000E+01
   2.402641E+01   5.160480E+01
   2.411705E+01   5.166915E+01
   2.430931E+01   5.175041E+01
   2.428631E+01   5.180373E+01
   2.434330E+01   5.188031E+01
   2.461349E+01   5.190615E+01
   2.503235E+01   5.193283E+01
   2.513191E+01   5.197219E+01
   2.526169E+01   5.197473E+01
   2.543610E+01   5.192606E+01
   2.552536E+01   5.194384E+01
   2.576706E+01   5.195611E+01
   2.599708E+01   5.193580E+01
   2.609940E+01   5.191547E+01
   2.619621E+01   5.187013E+01
   2.639740E+01   5.188243E+01
   2.651070E+01   5.180734E+01
   2.660545E+01   5.183917E+01
   2.670021E+01   5.182729E+01
   2.695015E+01   5.174829E+01
   2.699066E+01   5.177251E+01
   2.720970E+01   5.177804E+01
   2.774460E+01   5.160778E+01
   2.771851E+01   5.150447E+01
   2.777824E+01   5.150789E+01
   2.785240E+01   5.163677E+01
   2.826919E+01   5.168533E+01
   2.866264E+01   5.157878E+01
   2.869903E+01   5.145743E+01
   2.874229E+01   5.147326E+01
   2.881370E+01   5.156299E+01
   2.911857E+01   5.166617E+01
   2.917831E+01   5.165424E+01
   2.926346E+01   5.157451E+01
   2.934173E+01   5.139664E+01
   2.942070E+01   5.141848E+01
   2.949417E+01   5.141206E+01
   2.955047E+01   5.155018E+01
   3.018905E+01   5.151900E+01
   3.035797E+01   5.147540E+01
   3.042046E+01   5.131152E+01
   3.046783E+01   5.130830E+01
   3.057461E+01   5.127802E+01
   3.059006E+01   5.131216E+01
   3.062679E+01   5.134970E+01
   3.057220E+01   5.144973E+01
   3.050011E+01   5.159883E+01
   3.055847E+01   5.171086E+01
   3.061203E+01   5.177379E+01
   3.065460E+01   5.182644E+01
   3.074249E+01   5.190743E+01
   3.079657E+01   5.192225E+01
   3.081030E+01   5.193421E+01
   3.080292E+01   5.194892E+01
   3.092445E+01   5.205080E+01
   3.093269E+01   5.209005E+01
   3.114143E+01   5.210693E+01
   3.125404E+01   5.205629E+01
   3.128426E+01   5.205122E+01
   3.131927E+01   5.211030E+01
   3.140236E+01   5.214571E+01
   3.143703E+01   5.214508E+01
   3.153729E+01   5.212674E+01
   3.185863E+01   5.211389E+01
   3.190601E+01   5.210461E+01
   3.207012E+01   5.203792E+01
   3.230942E+01   5.216130E+01
   3.232315E+01   5.228664E+01
   3.235199E+01   5.233786E+01
   3.240520E+01   5.234142E+01
   3.255077E+01   5.232863E+01
   3.272346E+01   5.226480E+01
   3.283195E+01   5.228244E+01
   3.297272E+01   5.228202E+01
   3.313957E+01   5.238650E+01
   3.319691E+01   5.238126E+01
   3.330677E+01   5.235757E+01
   3.337578E+01   5.237392E+01
   3.351894E+01   5.236072E+01
   3.383267E+01   5.237520E+01
   3.392647E+01   5.230932E+01
   3.405212E+01   5.220550E+01
   3.412216E+01   5.213939E+01
   3.410637E+01   5.202504E+01
   3.443046E+01   5.182984E+01
   3.444832E+01   5.172745E+01
   3.440231E+01   5.171044E+01
   3.412628E+01   5.167639E+01
   3.424782E+01   5.158347E+01
   3.432060E+01   5.152455E+01
   3.427631E+01   5.139835E+01
   3.435596E+01   5.136192E+01
   3.424507E+01   5.126535E+01
   3.426361E+01   5.125740E+01
   3.438171E+01   5.127631E+01
   3.466495E+01   5.125332E+01
   3.471027E+01   5.118171E+01
   3.497841E+01   5.123849E+01
   3.511780E+01   5.123613E+01
   3.515406E+01   5.122413E+01
   3.520741E+01   5.105240E+01
   3.530971E+01   5.108455E+01
   3.537872E+01   5.107053E+01
   3.541649E+01   5.104355E+01
   3.541202E+01   5.102607E+01
   3.533890E+01   5.095302E+01
   3.539589E+01   5.092576E+01
   3.540653E+01   5.091169E+01
   3.543606E+01   5.079617E+01
   3.549271E+01   5.078185E+01
   3.549854E+01   5.067840E+01
   3.549236E+01   5.064968E+01
   3.541202E+01   5.059043E+01
   3.548653E+01   5.049115E+01
   3.558231E+01   5.046275E+01
   3.559193E+01   5.044548E+01
   3.562179E+01   5.036123E+01
   3.573578E+01   5.035992E+01
   3.578831E+01   5.041946E+01
   3.583225E+01   5.043673E+01
   3.589096E+01   5.044176E+01
   3.608494E+01   5.045444E+01
   3.616768E+01   5.043324E+01
   3.624252E+01   5.036518E+01
   3.628681E+01   5.033889E+01
   3.630947E+01   5.030118E+01
   3.643169E+01   5.033363E+01
   3.658482E+01   5.028912E+01
   3.662258E+01   5.022942E+01
   3.668884E+01   5.027135E+01
   3.686119E+01   5.034064E+01
   3.693535E+01   5.035291E+01
   3.715473E+01   5.036605E+01
   3.732708E+01   5.044002E+01
   3.747745E+01   5.046297E+01
   3.749874E+01   5.046078E+01
   3.747745E+01   5.037853E+01
   3.764397E+01   5.031763E+01
   3.763813E+01   5.019822E+01
   3.764637E+01   5.019207E+01
   3.764259E+01   5.017888E+01
   3.777031E+01   5.009724E+01
   3.792583E+01   5.004391E+01
   3.796841E+01   4.998346E+01
   3.800789E+01   4.997021E+01
   3.805355E+01   4.992780E+01
   3.821148E+01   4.997927E+01
   3.817989E+01   5.002208E+01
   3.817303E+01   5.008248E+01
   3.830230E+01   5.009246E+01
   3.833358E+01   5.008701E+01
   3.837635E+01   5.000290E+01
   3.843376E+01   5.000417E+01
   3.864338E+01   4.997353E+01
   3.868149E+01   5.001127E+01
   3.870209E+01   5.000752E+01
   3.872337E+01   4.998324E+01
   3.874329E+01   4.990171E+01
   3.890636E+01   4.987406E+01
   3.892181E+01   4.985923E+01
   3.893349E+01   4.980631E+01
   3.902618E+01   4.982625E+01
   3.918720E+01   4.989751E+01
   3.923218E+01   4.984197E+01
   3.928917E+01   4.975909E+01
   3.946804E+01   4.976441E+01
   3.961498E+01   4.973624E+01
   3.963249E+01   4.967163E+01
   3.969120E+01   4.961182E+01
   3.975197E+01   4.960070E+01
   3.988964E+01   4.956330E+01
   3.994663E+01   4.959914E+01
   4.013752E+01   4.962116E+01
   4.017460E+01   4.956887E+01
   4.004791E+01   4.952187E+01
   4.003761E+01   4.945585E+01
   4.012653E+01   4.938550E+01
   4.014645E+01   4.938036E+01
   4.020000E+01   4.934951E+01
   4.023811E+01   4.924965E+01
   3.994080E+01   4.905430E+01
   3.969069E+01   4.903213E+01
   3.972279E+01   4.898039E+01
   3.975240E+01   4.899007E+01
   3.978252E+01   4.895249E+01
   3.978870E+01   4.892002E+01
   3.992912E+01   4.889836E+01
   4.003933E+01   4.892092E+01
   4.006714E+01   4.891054E+01
   4.008568E+01   4.886946E+01
   3.997890E+01   4.878764E+01
   3.980347E+01   4.883037E+01
   3.976913E+01   4.876275E+01
   3.974133E+01   4.874578E+01
   3.972425E+01   4.868320E+01
   3.971214E+01   4.865457E+01
   3.966648E+01   4.860829E+01
   3.969566E+01   4.858887E+01
   3.978870E+01   4.859534E+01
   3.984501E+01   4.858433E+01
   3.986870E+01   4.850478E+01
   3.994766E+01   4.838863E+01
   3.995041E+01   4.835237E+01
   3.989788E+01   4.833046E+01
   3.985016E+01   4.832727E+01
   3.984741E+01   4.831197E+01
   3.988792E+01   4.830969E+01
   3.992397E+01   4.828548E+01
   3.994972E+01   4.830581E+01
   3.998611E+01   4.832065E+01
   3.999538E+01   4.831699E+01
   4.002697E+01   4.825211E+01
   4.000946E+01   4.821941E+01
   3.994732E+01   4.822467E+01
   3.994080E+01   4.817936E+01
   3.988655E+01   4.811133E+01
   3.988483E+01   4.803976E+01
   3.978285E+01   4.803617E+01
   3.982063E+01   4.800164E+01
   3.982647E+01   4.798142E+01
   3.982750E+01   4.794970E+01
   3.981033E+01   4.793613E+01
   3.979866E+01   4.786961E+01
   3.973858E+01   4.782583E+01
   3.951920E+01   4.782307E+01
   3.940933E+01   4.782791E+01
   3.938324E+01   4.786639E+01
   3.914909E+01   4.784012E+01
   3.910686E+01   4.783989E+01
   3.904129E+01   4.786731E+01
   3.888611E+01   4.787030E+01
   3.883015E+01   4.781431E+01
   3.880302E+01   4.777717E+01
   3.877831E+01   4.768411E+01
   3.873333E+01   4.767764E+01
   3.868355E+01   4.769752E+01
   3.866741E+01   4.769763E+01
   3.866698E+01   4.766868E+01
   3.861797E+01   4.764272E+01
   3.846210E+01   4.764018E+01
   3.846005E+01   4.761658E+01
   3.835396E+01   4.757491E+01
   3.830349E+01   4.753969E+01
   3.830709E+01   4.736813E+01
   3.825886E+01   4.736557E+01
   3.822401E+01   4.730764E+01
   3.833885E+01   4.730775E+01
   3.833302E+01   4.724521E+01
   3.824547E+01   4.722680E+01
   3.823998E+01   4.713929E+01
   3.823414E+01   4.712084E+01
   3.834778E+01   4.698119E+01
   3.814659E+01   4.685409E+01
   3.763367E+01   4.682356E+01
   3.740676E+01   4.665744E+01
   3.666616E+01   4.535222E+01
   3.661184E+01   4.530599E+01
   3.659666E+01   4.525193E+01
   3.656387E+01   4.522123E+01
   3.666137E+01   4.485587E+01
   3.381591E+01   4.400862E+01
   3.019592E+01   4.496480E+01
END
END
