none
1
   -1.637515E+00   6.113564E+01
   2.435310E-01   6.109084E+01
   9.781600E-02   5.942198E+01
   7.998970E-01   5.579959E+01
   2.641786E+00   5.156216E+01
   5.807600E-02   5.010375E+01
   -2.130866E+00   5.004475E+01
   -7.598576E+00   4.941920E+01
   -5.996494E+00   5.188081E+01
   -5.383323E+00   5.245602E+01
   -5.229514E+00   5.330463E+01
   -4.965842E+00   5.373573E+01
   -3.955100E+00   5.381364E+01
   -3.908389E+00   5.424276E+01
   -4.025803E+00   5.447084E+01
   -4.199525E+00   5.453702E+01
   -4.669191E+00   5.447882E+01
   -4.838106E+00   5.443251E+01
   -5.015260E+00   5.442372E+01
   -5.594790E+00   5.388816E+01
   -5.823441E+00   5.386225E+01
   -5.997849E+00   5.394194E+01
   -6.124879E+00   5.403238E+01
   -6.253281E+00   5.409081E+01
   -6.259718E+00   5.409428E+01
   -6.266756E+00   5.410007E+01
   -6.273537E+00   5.410526E+01
   -6.278644E+00   5.410942E+01
   -6.280425E+00   5.411054E+01
   -6.283000E+00   5.411151E+01
   -6.286690E+00   5.411180E+01
   -6.290875E+00   5.411226E+01
   -6.292334E+00   5.411162E+01
   -6.293407E+00   5.411014E+01
   -6.296217E+00   5.410901E+01
   -6.300402E+00   5.410856E+01
   -6.308427E+00   5.410636E+01
   -6.309199E+00   5.410075E+01
   -6.317611E+00   5.409062E+01
   -6.327288E+00   5.409289E+01
   -6.337287E+00   5.409440E+01
   -6.336107E+00   5.410578E+01
   -6.338940E+00   5.410800E+01
   -6.340227E+00   5.411114E+01
   -6.348467E+00   5.411318E+01
   -6.354604E+00   5.411014E+01
   -6.364174E+00   5.411306E+01
   -6.366620E+00   5.411102E+01
   -6.365719E+00   5.410511E+01
   -6.364689E+00   5.410010E+01
   -6.363595E+00   5.409811E+01
   -6.361953E+00   5.409743E+01
   -6.362114E+00   5.409615E+01
   -6.365794E+00   5.409388E+01
   -6.363702E+00   5.409177E+01
   -6.361470E+00   5.407744E+01
   -6.363359E+00   5.407052E+01
   -6.382628E+00   5.406755E+01
   -6.389065E+00   5.405810E+01
   -6.402369E+00   5.406105E+01
   -6.445027E+00   5.405435E+01
   -6.458931E+00   5.406795E+01
   -6.505966E+00   5.405274E+01
   -6.563301E+00   5.404740E+01
   -6.625443E+00   5.403439E+01
   -6.671448E+00   5.406856E+01
   -6.674023E+00   5.407772E+01
   -6.662007E+00   5.409695E+01
   -6.666126E+00   5.412412E+01
   -6.635056E+00   5.415339E+01
   -6.668530E+00   5.418936E+01
   -6.742172E+00   5.417731E+01
   -6.784229E+00   5.420061E+01
   -6.804657E+00   5.421015E+01
   -6.820965E+00   5.422410E+01
   -6.839848E+00   5.426352E+01
   -6.869717E+00   5.426543E+01
   -6.882248E+00   5.427795E+01
   -6.878300E+00   5.428918E+01
   -6.856156E+00   5.429228E+01
   -6.865597E+00   5.431342E+01
   -6.875210E+00   5.433294E+01
   -6.891003E+00   5.434645E+01
   -6.908341E+00   5.434855E+01
   -6.918984E+00   5.437406E+01
   -6.931687E+00   5.437376E+01
   -6.964131E+00   5.439285E+01
   -6.986962E+00   5.440445E+01
   -7.001038E+00   5.440405E+01
   -7.031422E+00   5.441873E+01
   -7.056656E+00   5.440405E+01
   -7.072621E+00   5.438406E+01
   -7.102318E+00   5.436706E+01
   -7.097340E+00   5.435776E+01
   -7.175789E+00   5.432283E+01
   -7.169609E+00   5.428587E+01
   -7.155190E+00   5.427214E+01
   -7.138539E+00   5.425409E+01
   -7.145405E+00   5.421717E+01
   -7.236557E+00   5.420292E+01
   -7.227631E+00   5.419468E+01
   -7.255097E+00   5.418715E+01
   -7.237759E+00   5.416977E+01
   -7.271233E+00   5.412080E+01
   -7.319126E+00   5.411185E+01
   -7.347622E+00   5.411547E+01
   -7.394657E+00   5.411930E+01
   -7.442894E+00   5.414746E+01
   -7.478600E+00   5.412000E+01
   -7.548809E+00   5.412050E+01
   -7.613011E+00   5.414253E+01
   -7.709828E+00   5.420191E+01
   -7.814026E+00   5.419850E+01
   -7.869644E+00   5.421798E+01
   -7.877884E+00   5.428858E+01
   -7.910328E+00   5.429459E+01
   -7.964401E+00   5.430621E+01
   -7.987061E+00   5.433714E+01
   -8.060017E+00   5.436486E+01
   -8.106194E+00   5.440904E+01
   -8.168678E+00   5.444170E+01
   -8.181381E+00   5.446744E+01
   -8.131943E+00   5.447532E+01
   -8.098469E+00   5.448729E+01
   -8.048859E+00   5.449238E+01
   -8.045597E+00   5.451062E+01
   -8.007145E+00   5.455226E+01
   -7.848873E+00   5.453692E+01
   -7.834625E+00   5.455683E+01
   -7.796173E+00   5.458370E+01
   -7.730427E+00   5.460697E+01
   -7.707596E+00   5.461165E+01
   -7.768536E+00   5.461741E+01
   -7.856941E+00   5.463033E+01
   -7.924233E+00   5.467492E+01
   -7.925949E+00   5.470429E+01
   -7.837544E+00   5.473929E+01
   -7.557221E+00   5.475910E+01
   -7.562028E+00   5.481335E+01
   -7.458344E+00   5.487898E+01
   -7.459031E+00   5.493819E+01
   -7.418519E+00   5.500283E+01
   -7.355347E+00   5.505517E+01
   -7.256470E+00   5.507562E+01
   -7.044984E+00   5.517691E+01
   -6.865769E+00   5.523529E+01
   -6.740118E+00   5.546640E+01
   -7.267462E+00   5.584757E+01
   -1.485850E+01   5.758114E+01
   -1.637515E+00   6.113564E+01
END
END
